code,name,roe_rate,bi_rate,ne_rate,eps_rate,epcf_rate,bvps_rate,interest_rate
600338,西藏珠峰,0.0336,0.9916,0.0346,-0.4038,0.0,-0.3509,-0.7351
600771,广誉远,0.0336,-0.8643,-0.3535,0.2676,0.0,-0.3509,-0.7351
600678,四川金顶,0.0336,-1.4649,-0.3535,2.3621,0.0,-0.3509,-0.7351
000820,神雾节能,0.0336,-1.4649,-0.3535,2.3621,0.0,-0.3509,-0.7351
000557,西部创业,0.0336,-1.0179,0.4007,2.3248,0.0,-0.3509,-0.7351
600793,宜宾纸业,0.0336,-1.4649,-0.3535,-0.1488,0.0,-0.3509,-0.7351
600766,园城黄金,2.4404,0.4742,2.4623,0.213,0.0,-0.3509,-0.7351
600462,九有股份,0.0336,-1.4559,-0.3535,2.3621,0.0,-0.3509,-0.7351
600751,天海投资,0.0336,-1.459,-0.3535,2.3062,0.0,-0.3509,-0.7351
000677,恒天海龙,2.4404,-1.4649,2.4623,2.3621,0.0,-0.3509,-0.7351
600988,赤峰黄金,0.0336,2.8565,-0.3535,2.3621,0.0,1.6422,-0.7351
000757,浩物股份,0.0336,-0.7915,1.3222,-0.3358,0.0,-0.3509,-0.7351
000603,盛达矿业,0.0336,2.8565,-0.3535,0.9266,0.0,-0.3509,-0.7351
000568,泸州老窖,0.2162,0.9428,0.766,0.5885,0.0,-0.3509,2.053
600076,康欣新材,2.4404,-0.8567,2.2212,-0.3376,0.0,-0.034,-0.7351
600340,华夏幸福,2.4404,2.8565,2.4623,0.7073,0.0,-0.3509,-0.7351
600519,贵州茅台,0.3944,1.0181,0.9924,-0.2636,0.0,-0.3509,0.4001
000049,德赛电池,0.0336,1.6993,-0.3535,0.1094,0.0,-0.3509,-0.2437
600809,山西汾酒,0.8132,1.2435,1.2764,-0.0541,0.0,-0.3509,0.0984
000413,东旭光电,0.0336,2.8565,-0.3535,0.4797,0.0,-0.3509,-0.7351
000673,当代东方,0.0336,1.8893,-0.3535,-0.7295,0.0,-0.3509,-0.7351
002236,大华股份,1.2788,2.0574,2.0512,0.6949,0.0,-0.3509,-0.1235
000661,长春高新,0.9736,0.0628,1.4186,-0.4166,0.0,-0.0152,-0.7351
600180,瑞茂通,0.0336,-0.8828,-0.3535,0.6871,0.0,-0.3509,-0.7351
600690,青岛海尔,1.0169,0.7522,0.8771,0.867,0.0,-0.3509,-0.1899
000737,南风化工,0.0336,-0.7643,-0.3535,1.0603,0.0,-0.3509,-0.7351
600547,山东黄金,0.1627,0.5035,0.9096,0.6882,0.0,-0.3509,-0.388
600309,万华化学,0.4294,0.7819,0.5354,0.1102,0.0,0.5926,2.6267
002128,露天煤业,-0.0757,-0.2734,0.153,2.3621,0.0,-0.3509,2.6267
000848,承德露露,0.3819,-0.0636,0.1499,0.8435,0.0,-0.3509,2.6267
000651,格力电器,-0.0396,0.6788,0.7186,0.5686,0.0,1.1132,0.8302
600805,悦达投资,0.3384,-0.1719,1.1472,2.3621,0.0,-0.3509,0.8518
600406,国电南瑞,0.2096,1.5115,1.4656,0.3927,0.0,-0.3509,-0.3288
000887,中鼎股份,0.2017,0.63,0.7449,0.7571,0.0,-0.3509,-0.3078
000576,广东甘化,2.4404,-0.9382,1.2398,-0.5022,0.0,-0.3509,-0.7351
000028,国药一致,0.2108,-0.0223,0.6843,0.0236,0.0,-0.3509,-0.0555
000799,酒鬼酒,1.7864,2.2377,2.4623,0.9616,0.0,-0.3509,-0.7351
000430,张家界,0.0336,2.8565,-0.3535,0.3682,0.0,-0.3509,-0.7351
002146,荣盛发展,0.7136,1.9679,1.1813,2.0197,0.0,2.8667,0.1214
600552,凯盛科技,1.7358,-0.0186,2.2361,2.3621,0.0,-0.3509,-0.7351
600800,天津磁卡,0.0336,-1.2598,-0.3535,-0.6248,0.0,-0.3509,-0.7351
000861,海印股份,0.5689,0.7842,0.9518,2.3621,0.0,-0.3509,-0.5177
600199,金种子酒,1.2908,0.5453,2.4623,2.3621,0.0,-0.3509,-0.7351
600885,宏发股份,0.0336,2.5351,-0.3535,-0.2126,0.0,0.1462,-0.7351
600031,三一重工,-0.0353,1.1009,0.9029,1.667,0.0,-0.3509,-0.7351
000895,双汇发展,-0.2529,-0.3162,1.0303,1.9464,0.0,-0.3509,0.2045
000423,东阿阿胶,0.5855,-0.2295,0.781,-0.0527,0.0,-0.3509,0.2073
002140,东华科技,0.3703,0.0654,0.7352,1.3347,0.0,-0.3509,-0.1414
000537,广宇发展,0.5711,0.0953,1.1438,0.4036,0.0,1.1281,-0.7351
600684,珠江实业,1.7469,1.5099,1.913,2.3621,0.0,-0.3509,-0.7351
000971,高升控股,0.0336,0.2938,-0.3535,-0.7093,0.0,-0.3509,-0.7351
002038,双鹭药业,-0.0555,0.8907,0.3954,0.4318,0.0,-0.3509,0.0448
600887,伊利股份,0.326,0.0691,0.7803,0.1671,0.0,-0.3509,0.6484
600182,S佳通,-0.2607,-0.0529,-0.1408,-0.0819,0.0,-0.3509,0.7645
002063,远光软件,0.0779,0.8341,0.6968,0.9277,0.0,-0.3509,-0.136
600436,片仔癀,0.571,0.0239,0.799,0.2253,0.0,-0.3509,0.4992
600067,冠城大通,0.4742,-0.2864,0.9183,2.3621,0.0,-0.3509,1.642
002153,石基信息,0.3365,0.2989,0.5564,0.3896,0.0,-0.3509,-0.7351
000333,美的集团,0.1526,-0.1963,0.4278,0.8585,0.0,1.8206,-0.7351
000892,欢瑞世纪,0.0336,-0.8828,-0.3535,-0.7731,0.0,-0.3509,-0.7351
600315,上海家化,0.3684,0.0062,0.7717,0.4637,0.0,-0.3509,0.1761
000538,云南白药,0.4254,0.2636,0.7648,-0.1015,0.0,-0.3509,-0.4934
600694,大商股份,0.0336,-0.1861,-0.3535,1.9858,0.0,-0.3509,-0.7351
600582,天地科技,-0.2907,0.5527,0.1492,2.3621,0.0,-0.3509,-0.0853
600660,福耀玻璃,-0.1583,0.0238,-0.0318,0.0332,0.0,-0.3509,-0.7351
600086,东方金钰,2.4404,2.1197,2.4623,0.6355,0.0,-0.3509,-0.7351
600763,通策医疗,1.0655,0.3591,1.4175,-0.3107,0.0,-0.3509,-0.7351
600594,益佰制药,0.3281,0.0654,0.8234,1.9789,0.0,-0.3509,-0.7351
600070,浙江富润,1.3089,-0.4649,1.011,1.4876,0.0,-0.3509,-0.7351
600153,建发股份,-0.0456,0.5957,0.4304,1.7093,0.0,-0.3509,0.7908
600633,浙数文化,0.0336,1.8188,-0.3535,0.2644,0.0,-0.3509,-0.7351
000596,古井贡酒,0.321,1.3233,1.8022,-0.1964,0.0,-0.3509,-0.3239
600193,创兴资源,2.4404,-0.6351,2.4623,1.1627,0.0,-0.3509,-0.7351
600336,澳柯玛,1.079,-0.172,1.0319,2.2204,0.0,3.3914,-0.7351
600729,重庆百货,0.3707,1.8195,1.5494,1.3778,0.0,-0.3509,0.0535
600251,冠农股份,2.4404,0.3648,2.4623,1.8954,0.0,-0.3509,-0.7351
002244,滨江集团,0.1768,0.6089,0.3931,2.3621,0.0,-0.3509,0.2402
000506,中润资源,-0.5483,-0.7849,-0.0513,1.0099,0.0,-0.3509,-0.7351
000631,顺发恒业,-0.0323,0.0525,0.4396,2.3621,0.0,-0.3509,-0.7351
000156,华数传媒,0.0336,0.3631,0.4552,-0.3146,0.0,-0.3509,-0.7351
600276,恒瑞医药,-0.2292,0.1433,0.1603,-0.423,0.0,-0.3509,-0.7351
600329,中新药业,0.2958,0.1286,0.2257,0.4389,0.0,-0.3509,1.8507
002065,东华软件,0.1663,0.6011,0.6256,1.9089,0.0,3.3914,-0.2395
002269,美邦服饰,0.0565,0.1736,0.0016,2.3621,0.0,-0.3509,2.0586
600894,广日股份,1.9231,-1.2861,2.4623,1.0148,0.0,-0.3509,-0.7351
002262,恩华药业,0.5538,0.1327,0.7303,0.417,0.0,-0.3509,-0.4066
601939,建设银行,0.1189,0.0671,0.2918,1.8399,0.0,3.3914,2.6267
002116,中国海诚,0.606,0.8158,0.3839,1.0001,0.0,-0.3509,1.1052
601166,兴业银行,-0.074,1.0424,0.761,2.3621,0.0,3.3914,1.4423
600395,盘江股份,0.1195,0.0774,0.0907,2.3621,0.0,-0.3509,2.6047
000970,中科三环,1.9433,1.3392,2.4623,2.0955,0.0,-0.3509,-0.4459
600161,天坛生物,-0.3349,-0.361,0.0285,-0.1523,0.0,-0.3509,-0.7351
600371,万向德农,0.7226,-0.8941,0.4546,0.7082,0.0,-0.3509,0.7527
002152,广电运通,-0.1923,-0.2459,0.0674,2.3621,0.0,-0.3509,0.6397
600652,游久游戏,2.4404,-0.6727,2.4623,0.5804,0.0,-0.3509,-0.7351
000987,越秀金控,-0.1026,-0.1838,-0.0523,2.3545,0.0,-0.3509,2.4133
600422,昆药集团,1.2031,0.4571,1.0064,1.1694,0.0,-0.3509,0.9225
600238,海南椰岛,0.1137,-1.1191,-0.0137,0.5328,0.0,-0.3509,-0.28
600000,浦发银行,0.0217,0.5998,0.7468,2.3621,0.0,3.3914,0.8595
000981,银亿股份,0.4092,2.8565,2.4623,2.3611,0.0,-0.3509,-0.7351
000915,山大华特,1.4235,-0.0023,1.614,-0.038,0.0,-0.3509,-0.7351
000786,北新建材,0.4241,0.3978,0.4765,0.7806,0.0,-0.3509,0.7248
600535,天士力,0.3111,0.6699,0.6626,0.4554,0.0,-0.3509,1.2073
000999,华润三九,0.0236,-0.2915,0.0198,0.3951,0.0,-0.3509,1.242
002041,登海种业,0.6356,0.3784,0.832,1.0711,0.0,-0.3509,-0.1879
600743,华远地产,-0.0254,0.952,0.1269,1.8144,0.0,3.3914,-0.7351
600502,安徽水利,1.5518,1.3584,2.0332,2.3621,0.0,-0.3509,-0.3361
600230,沧州大化,1.8644,0.2631,1.4976,-0.056,0.0,-0.3509,1.1087
000620,新华联,0.4197,-0.8828,2.4623,0.7312,0.0,-0.3509,-0.7351
601088,中国神华,0.1009,0.4191,0.1285,2.2461,0.0,3.3914,2.6267
600271,航天信息,0.1233,0.295,0.1951,0.8147,0.0,-0.3509,1.6816
000550,江铃汽车,-0.1551,0.0118,0.0252,1.9338,0.0,-0.3509,2.6267
002223,鱼跃医疗,-0.1179,0.7681,0.6621,-0.0909,0.0,-0.3509,-0.7351
600335,国机汽车,0.0336,2.8565,-0.3535,2.0957,0.0,-0.3509,-0.7351
600511,国药股份,-0.1545,-0.012,0.0601,0.0013,0.0,0.907,0.748
600578,京能电力,1.0081,2.7394,2.4623,2.3621,0.0,-0.3509,0.4381
600794,保税科技,0.0561,-0.202,0.9517,2.3621,0.0,3.3914,-0.0032
000540,中天金融,-0.7943,0.5256,-0.4013,0.6491,0.0,-0.3509,0.2799
600658,电子城,-0.265,-0.7544,-0.0491,1.3031,0.0,-0.3509,1.0558
601899,紫金矿业,-0.0336,0.6527,0.0522,0.8451,0.0,-0.3509,1.1551
000656,金科股份,2.4404,2.8565,2.4623,2.3621,0.0,-0.3509,-0.7351
002155,湖南黄金,1.9552,1.0653,1.8526,1.4971,0.0,-0.3509,-0.0637
002142,宁波银行,0.309,0.8006,0.851,1.4152,0.0,3.2582,1.5697
000065,北方国际,0.5468,-1.0715,0.4837,0.4958,0.0,-0.3509,-0.1587
002008,大族激光,2.4404,0.571,2.4623,-0.4375,0.0,-0.3509,2.0371
600060,海信电器,0.8685,-0.3527,1.0527,1.49,0.0,3.3914,0.6531
600197,伊力特,0.723,0.3803,0.5144,-0.1958,0.0,-0.3509,1.0204
600559,老白干酒,1.0546,0.1301,1.0184,-0.0135,0.0,-0.3509,-0.2861
000062,深圳华强,0.5844,-1.3981,-0.0013,-0.2184,0.0,-0.3509,0.2263
000157,中联重科,-0.6466,0.6572,0.9941,2.3621,0.0,-0.3509,1.7255
600779,水井坊,-0.1958,-0.9185,-0.3017,-0.3701,0.0,0.3344,0.4637
600272,开开实业,0.1516,-0.972,0.1035,-0.0439,0.0,-0.3509,-0.7351
600845,宝信软件,-0.193,-0.0732,-0.089,0.4183,0.0,-0.3509,0.8922
600077,宋都股份,0.0336,2.8565,-0.3535,2.0361,0.0,3.3914,-0.7351
600697,欧亚集团,0.3462,0.546,0.2947,0.7468,0.0,-0.3509,0.7895
002241,歌尔股份,0.6374,2.8565,2.4623,1.3132,0.0,3.1454,-0.3211
600348,阳泉煤业,-0.6308,1.6403,-0.1406,2.3621,0.0,-0.3509,-0.1197
600521,华海药业,0.3537,0.5231,0.4553,-0.0698,0.0,0.8507,1.0603
600039,四川路桥,2.4404,2.8565,2.4623,2.3621,0.0,-0.3509,-0.7351
600056,中国医药,0.4396,0.4232,0.3129,0.7499,0.0,-0.3509,-0.434
002250,联化科技,-0.005,0.5549,0.8663,1.5817,0.0,-0.3509,-0.7351
000718,苏宁环球,-0.4094,-0.1003,-0.1609,1.8303,0.0,-0.3509,0.9351
600785,新华百货,-0.2921,0.2072,-0.1142,0.8984,0.0,-0.3509,0.9968
600015,华夏银行,0.4698,0.6634,1.1348,2.3621,0.0,3.3914,-0.7351
600816,安信信托,-0.1797,-1.4649,0.579,-0.2208,0.0,-0.3509,-0.7351
600392,盛和资源,2.4404,-0.0654,2.4623,0.3519,0.0,0.8235,-0.7351
600104,上汽集团,0.1497,1.5508,1.021,0.9395,0.0,-0.3509,0.5939
600897,厦门空港,-0.1902,-0.2409,-0.0041,0.8828,0.0,-0.3509,0.0765
601988,中国银行,0.1306,-0.1013,0.235,2.3621,0.0,3.3914,2.6267
600829,人民同泰,-0.1013,-0.1421,-0.0791,0.8094,0.0,-0.3509,2.4587
000598,兴蓉环境,0.0336,-0.9341,-0.3535,2.3621,0.0,-0.3509,1.4603
600637,东方明珠,2.4404,-1.1104,2.4623,0.0477,0.0,-0.3509,-0.7351
600382,广东明珠,0.7273,-1.4649,0.7969,0.9336,0.0,-0.3509,-0.2874
600655,豫园股份,0.4668,0.7847,0.4201,1.0515,0.0,-0.3509,-0.0548
600563,法拉电子,0.499,-0.0542,0.4211,-0.0544,0.0,-0.3509,2.4603
000040,东旭蓝天,1.281,-0.5343,0.9584,0.1855,0.0,-0.3509,-0.7351
002018,华信国际,2.4404,-0.754,2.4623,0.93,0.0,-0.3509,-0.7351
600262,北方股份,1.3506,-0.3597,1.1539,0.6321,0.0,-0.3509,0.1497
601169,北京银行,0.1431,0.6784,0.4581,2.3621,0.0,3.3914,1.4111
601009,南京银行,0.3549,0.8315,0.7534,2.3621,0.0,3.3914,1.8784
600850,华东电脑,2.4404,2.4053,2.4623,0.2488,0.0,-0.3509,-0.7351
600687,刚泰控股,2.4404,2.8565,2.4623,0.3996,0.0,-0.3509,-0.6489
600828,茂业商业,-0.5028,-0.5197,-0.1874,0.4877,0.0,-0.3509,-0.384
600366,宁波韵升,-0.967,1.1707,-0.6905,0.7242,0.0,-0.3509,-0.2494
600759,洲际油气,0.8289,2.8565,0.6339,1.3591,0.0,-0.3509,-0.7351
002085,万丰奥威,1.0443,1.2411,1.254,0.4668,0.0,-0.3509,2.6267
002035,华帝股份,0.1508,0.1444,0.9351,-0.1836,0.0,0.5923,2.3057
600741,华域汽车,0.392,0.6856,0.4307,0.6139,0.0,-0.3509,1.854
600570,恒生电子,-0.5161,-0.4238,-0.2987,-0.5608,0.0,-0.3509,-0.2805
002242,九阳股份,-0.4011,-0.7803,-0.6275,0.2349,0.0,-0.3509,2.6267
000961,中南建设,0.1631,0.637,0.3144,2.3621,0.0,-0.3509,0.3088
002120,韵达股份,0.8811,-0.7179,0.6095,-0.4321,0.0,-0.3509,-0.7351
600702,沱牌舍得,2.4404,0.9959,2.3081,-0.1022,0.0,-0.3509,-0.4951
600987,航民股份,0.3114,-0.3159,0.257,1.0482,0.0,-0.3509,2.5552
000001,平安银行,-0.4953,0.9309,0.7869,2.3621,0.0,3.3914,-0.7351
600223,鲁商置业,-1.4637,-0.23,-0.8705,1.0397,0.0,-0.3509,-0.7351
000650,仁和药业,-0.22,0.4786,0.1062,0.7267,0.0,-0.3509,-0.3522
002104,恒宝股份,-0.0804,0.5389,-0.0371,0.2321,0.0,-0.3509,0.5731
002091,江苏国泰,-0.1979,0.1751,-0.086,1.0807,0.0,-0.3509,1.8612
002030,达安基因,0.3077,0.1742,0.3533,-0.3892,0.0,-0.3509,-0.6009
601998,中信银行,0.1857,0.5432,0.5146,2.0769,0.0,3.3914,0.7451
002033,丽江旅游,0.7882,1.3893,1.2124,2.0649,0.0,-0.3509,-0.7351
600507,方大特钢,2.4404,-0.5578,2.4623,0.0018,0.0,-0.3509,-0.7351
600489,中金黄金,0.2331,0.2824,0.9459,0.8695,0.0,-0.3509,-0.3521
000669,金鸿控股,2.4404,2.8565,2.4623,2.3621,0.0,-0.3509,-0.7351
000417,合肥百货,-0.2662,-0.1361,0.4361,1.1886,0.0,3.3914,-0.7351
002245,澳洋顺昌,0.7709,0.6387,0.8449,0.1525,0.0,-0.3509,-0.3205
000732,泰禾集团,-1.8389,2.8565,0.9066,-0.5016,0.0,-0.3509,-0.7351
601918,新集能源,0.1931,0.1368,0.1523,2.3621,0.0,-0.3509,0.9351
600515,海航基础,0.0336,0.4665,-0.3535,0.3289,0.0,1.4366,-0.7351
000700,模塑科技,2.4049,-0.2831,2.3355,2.3621,0.0,-0.3509,-0.5443
002016,世荣兆业,0.6997,-0.7552,0.6178,0.1662,0.0,-0.3509,-0.7351
600561,江西长运,-0.0004,0.5366,-0.0089,1.7983,0.0,-0.3509,-0.7351
002271,东方雨虹,0.0303,1.6516,0.7422,-0.3509,0.0,-0.3509,0.5586
000517,荣安地产,-1.2171,-0.8319,-0.9276,1.5517,0.0,-0.3509,-0.7351
000937,冀中能源,-0.1123,-0.2105,-0.0024,2.3621,0.0,-0.3509,0.7866
002051,中工国际,-0.2173,1.4011,0.9624,1.0617,0.0,2.9818,0.4243
600723,首商股份,2.4404,2.4585,2.4623,1.3794,0.0,-0.3509,-0.7351
600715,文投控股,0.0336,0.4279,-0.3535,-0.7399,0.0,-0.2652,-0.7351
600557,康缘药业,0.0267,0.3217,0.0703,0.5193,0.0,-0.3509,-0.1467
000513,丽珠集团,-0.4742,-0.1695,-0.4374,-0.1858,0.0,-0.3509,-0.178
600115,东方航空,-0.1794,0.5017,2.1626,0.377,0.0,-0.3509,-0.7351
002052,同洲电子,2.2025,-0.7914,1.3906,2.3621,0.0,-0.3509,-0.7351
600266,北京城建,-0.2115,0.3002,-0.0936,1.9262,0.0,-0.3509,0.5064
000917,电广传媒,2.4404,-0.9256,2.4623,1.5191,0.0,3.3914,-0.3959
000411,英特集团,-0.2655,0.4415,0.5074,-0.278,0.0,-0.3509,-0.7351
600167,联美控股,0.7014,0.3121,0.6417,-0.1321,0.0,-0.3509,-0.7351
600383,金地集团,0.2945,1.0023,0.3545,0.6864,0.0,2.7117,0.3937
600248,延长化建,0.0124,-0.2353,0.2652,1.2053,0.0,-0.3509,-0.7351
600085,同仁堂,0.6159,0.6513,0.4113,-0.3814,0.0,-0.3509,0.466
600634,富控互动,0.0336,0.8905,-0.3535,-0.3457,0.0,-0.3509,-0.7351
000042,中洲控股,0.1605,-0.4175,0.107,2.3194,0.0,-0.3509,2.6267
000043,中航地产,2.2405,0.7237,2.2297,1.118,0.0,3.3914,0.3496
601808,中海油服,0.0437,-0.5373,0.0389,1.7536,0.0,-0.3509,0.4848
000425,徐工机械,-1.0938,-0.1299,0.0097,2.3621,0.0,-0.3509,-0.7351
600600,青岛啤酒,-0.0652,-0.2787,-0.0005,0.1902,0.0,-0.3509,-0.1039
000422,湖北宜化,0.3725,0.5554,1.2373,2.3621,0.0,3.3914,-0.2072
002273,水晶光电,0.0681,1.3408,0.7379,0.0729,0.0,1.51,1.3216
600487,亨通光电,0.0155,2.0031,0.3355,0.4878,0.0,-0.3509,0.4491
000998,隆平高科,1.5769,-0.0545,1.189,-0.2671,0.0,-0.3509,-0.4832
600875,东方电气,-0.2821,-0.661,-0.0077,2.2818,0.0,-0.3509,-0.0266
000639,西王食品,0.0336,2.8565,-0.3535,0.5072,0.0,2.2847,-0.7351
600900,长江电力,0.9155,0.6801,0.5582,0.4307,0.0,-0.3509,2.6267
600835,上海机电,0.5593,-0.0565,0.0815,0.1401,0.0,-0.3509,1.884
002133,广宇集团,0.0584,-0.1952,0.0698,1.8462,0.0,-0.3509,1.9945
600216,浙江医药,-1.1828,-0.5034,-0.6856,2.3621,0.0,-0.3509,2.6267
600549,厦门钨业,0.5758,-0.3241,0.6861,0.1553,0.0,-0.3509,-0.1554
600705,中航资本,0.678,-0.8828,2.4623,1.9977,0.0,-0.3509,-0.7351
600532,宏达矿业,2.4404,-0.3254,2.4623,0.5709,0.0,-0.3509,-0.7351
002210,飞马国际,1.9743,2.8565,1.6077,-0.3012,0.0,-0.3509,-0.2435
600572,康恩贝,0.43,0.2997,0.9147,1.0431,0.0,-0.3509,-0.7351
000541,佛山照明,0.7839,-0.4607,0.3427,0.5538,0.0,-0.3509,2.4136
002230,科大讯飞,0.0167,0.8657,0.5755,-0.5348,0.0,-0.3509,-0.7351
002219,恒康医疗,0.0384,-0.6097,0.1043,-0.3268,0.0,-0.3509,-0.5665
600170,上海建工,0.6195,0.6596,1.5506,2.3621,0.0,-0.3509,0.4403
600742,一汽富维,-0.5223,0.5062,-0.2558,2.3621,0.0,-0.3509,0.9951
600993,马应龙,-0.3811,-0.182,-0.3883,-0.0257,0.0,-0.3509,-0.5347
600079,人福医药,0.2423,1.9167,0.4232,0.6496,0.0,-0.3509,-0.4843
600517,置信电气,-0.5376,-0.5943,-0.8216,0.4626,0.0,-0.3509,2.6267
600858,银座股份,0.4658,0.8906,0.9114,2.116,0.0,-0.3509,-0.2429
600491,龙元建设,0.7569,0.4828,0.5164,0.5234,0.0,-0.3509,0.2129
600791,京能置业,2.4404,2.851,2.4623,0.76,0.0,-0.3509,0.4579
600527,江南高纤,0.1923,-0.2189,0.635,0.9456,0.0,3.3914,-0.7351
600062,华润双鹤,0.0534,-0.3329,-0.0341,0.5857,0.0,-0.3509,1.1195
000544,中原环保,0.2188,-0.2535,0.2343,0.0439,0.0,1.5134,-0.7351
002179,中航光电,0.2442,0.1775,0.2227,-0.3575,0.0,-0.3509,-0.2275
000731,四川美丰,0.6992,0.1237,0.5296,1.6638,0.0,-0.3509,0.8803
600373,中文传媒,0.0336,2.8565,-0.3535,0.8723,0.0,-0.3509,-0.7351
000881,中广核技,0.4915,-0.113,0.2988,0.8516,0.0,-0.3509,2.3206
600571,信雅达,0.8572,-0.5858,0.8532,0.1792,0.0,-0.3509,-0.0196
600811,东方集团,2.1114,2.3801,1.7337,2.3621,0.0,-0.3509,-0.7351
600604,市北高新,0.0336,-0.7776,-0.3535,0.2491,0.0,-0.3509,-0.7351
600863,内蒙华电,0.148,-0.1482,1.0492,2.3621,0.0,-0.3509,-0.7351
600585,海螺水泥,0.0924,0.1823,0.2718,0.3359,0.0,2.2571,0.6606
002014,永新股份,-0.1375,-0.2636,0.269,0.8185,0.0,3.0834,1.6672
000831,五矿稀土,0.0336,0.6046,-0.3535,-0.0251,0.0,-0.3509,-0.7351
600420,现代制药,-0.1174,0.0663,-0.0821,0.2944,0.0,-0.3509,-0.7351
002208,合肥城建,-0.0203,-0.0534,-0.0095,0.6737,0.0,-0.3509,0.8862
600433,冠豪高新,2.4404,-0.1553,2.4623,1.5919,0.0,-0.3509,-0.7351
600588,用友网络,-0.6622,0.1542,-0.7624,-0.218,0.0,0.9697,2.6267
600021,上海电力,1.1792,-0.3748,0.5924,0.6448,0.0,3.0569,0.4816
600880,博瑞传播,-0.5238,-0.2377,-0.2703,1.8655,0.0,-0.3509,-0.7351
600185,格力地产,-0.1118,1.3504,-0.0296,1.9426,0.0,-0.3509,-0.7351
600054,黄山旅游,0.0134,-0.0364,0.0749,0.328,0.0,-0.3509,-0.7351
002037,久联发展,-0.0928,0.9548,0.7807,2.1419,0.0,-0.3509,-0.7351
600745,闻泰科技,-0.509,0.3449,-0.1247,-0.4557,0.0,-0.3509,-0.7351
601318,中国平安,-0.2902,0.3817,0.0313,0.2148,0.0,2.0357,0.912
000899,赣能股份,1.2855,-0.6045,0.4434,0.6051,0.0,-0.3509,-0.7351
600068,葛洲坝,-0.2806,0.3693,-0.1852,0.7307,0.0,-0.3509,0.8734
600622,光大嘉宝,-0.261,0.3757,-0.2717,0.2883,0.0,-0.3509,1.9582
600377,宁沪高速,0.0845,-0.3709,-0.2035,0.6148,0.0,-0.3509,2.6267
600479,千金药业,-0.1306,0.0963,-0.4366,0.0225,0.0,-0.3509,2.2738
000996,中国中期,2.4404,-1.0954,2.4623,-0.1882,0.0,-0.3509,-0.7351
600376,首开股份,0.3215,0.7688,0.2421,2.276,0.0,-0.3509,-0.7351
002004,华邦健康,-0.2243,2.8565,0.7554,2.242,0.0,-0.3509,-0.7351
600284,浦东建设,0.8129,-1.4448,0.5643,1.54,0.0,-0.3509,0.5436
600028,中国石化,-0.3026,0.4273,-0.3185,2.3621,0.0,3.3914,2.6267
600353,旭光股份,1.627,-0.3375,2.1941,1.0811,0.0,-0.3509,-0.2862
601766,中国中车,0.351,0.306,0.6409,-0.0083,0.0,-0.3509,0.0744
600469,风神股份,-0.4654,-0.0684,-0.4762,2.3621,0.0,-0.3509,0.6032
600362,江西铜业,0.2571,1.2763,0.5456,1.5728,0.0,-0.3509,1.1362
600195,中牧股份,-0.4428,-0.219,-0.3254,0.137,0.0,-0.3509,1.4408
000905,厦门港务,1.5751,0.3267,1.1953,0.4858,0.0,-0.3509,-0.1295
000983,西山煤电,-0.6771,0.8476,-0.5516,0.9087,0.0,-0.3509,2.6267
600256,广汇能源,-0.3764,-0.5866,0.2813,0.9838,0.0,-0.3509,-0.7351
600784,鲁银投资,0.2867,-0.4709,0.7549,0.4657,0.0,-0.3509,0.2428
002061,浙江交科,-0.2345,-0.2032,-0.3257,0.2639,0.0,2.3001,-0.7351
600560,金自天正,0.4943,0.2568,0.347,0.3272,0.0,-0.3509,-0.1002
600516,方大炭素,2.4404,0.2151,2.4623,-0.4142,0.0,-0.3509,-0.7351
601186,中国铁建,-0.0298,-0.3652,-0.0963,1.0066,0.0,-0.3509,0.6536
000690,宝新能源,-0.522,-0.3896,-0.5547,0.1161,0.0,-0.3509,2.2006
600870,厦华电子,0.0336,-1.4093,-1.6875,-0.6508,0.0,-0.3509,-0.7351
000852,石化机械,0.0925,-0.1735,-0.1682,0.258,0.0,-0.3509,0.7985
600623,华谊集团,0.2869,-0.0061,0.2402,0.3669,0.0,-0.3509,0.5508
600012,皖通高速,-0.0791,-0.5084,-0.2308,0.5068,0.0,-0.3509,2.6267
600508,上海能源,-0.6081,-0.4426,-0.3824,2.2402,0.0,-0.3509,0.6631
001696,宗申动力,-0.7155,-0.561,-0.4643,0.6603,0.0,3.3208,-0.7351
600761,安徽合力,1.2177,0.2763,1.0131,1.2142,0.0,-0.3509,1.747
002007,华兰生物,-1.1994,-1.2306,-0.974,-0.1879,0.0,-0.3509,0.8586
600139,西部资源,-1.0095,1.7637,0.4167,0.4929,0.0,-0.3509,-0.7351
600647,同达创业,-1.5429,-1.4649,-1.3307,-0.3906,0.0,-0.3509,-0.3907
000811,冰轮环境,-0.2365,-0.1815,0.2216,0.607,0.0,-0.3509,1.0073
000719,中原传媒,0.0336,2.8565,2.4623,0.7114,0.0,-0.3509,-0.7351
000534,万泽股份,2.4404,-0.6563,2.4623,-0.1351,0.0,1.3114,0.453
600177,雅戈尔,-0.7543,-1.092,-0.9786,1.4652,0.0,-0.3509,2.6267
600388,龙净环保,-0.1395,-0.527,-0.231,1.7749,0.0,-0.3509,1.6982
600157,永泰能源,1.0269,1.6082,2.4623,2.3621,0.0,-0.3509,-0.0863
600259,广晟有色,0.0909,1.5885,0.4979,-0.5702,0.0,-0.3509,-0.7351
600125,铁龙物流,-0.1125,0.9274,-0.0633,0.2913,0.0,-0.3509,-0.7351
600995,文山电力,0.1455,-0.2008,0.0788,0.2284,0.0,-0.3509,0.2739
600499,科达洁能,-0.2964,0.2197,0.0876,0.5256,0.0,-0.3509,0.478
600118,中国卫星,-0.0537,0.1174,-0.0181,-0.3954,0.0,-0.3509,-0.4028
000812,陕西金叶,0.5462,-0.6996,0.3482,0.0416,0.0,-0.3509,-0.4889
600750,江中药业,-0.6173,0.0273,-0.2394,0.0492,0.0,-0.3509,0.7221
600106,重庆路桥,0.8468,-0.8883,0.727,0.9838,0.0,-0.3509,0.1115
600260,凯乐科技,0.2435,0.846,-0.0619,-0.4038,0.0,-0.3509,-0.7351
002247,帝龙文化,0.3032,0.8629,0.0462,0.6592,0.0,-0.3509,2.0527
002108,沧州明珠,-0.671,0.4874,-0.1753,0.239,0.0,2.3942,0.7385
600368,五洲交通,0.7801,2.8565,0.5462,1.3985,0.0,-0.3509,1.2546
002267,陕天然气,-0.4089,0.2525,-0.4105,0.4826,0.0,-0.3509,0.6671
000826,启迪桑德,-0.1943,1.2913,0.9285,0.0663,0.0,-0.3509,-0.2079
600350,山东高速,0.0291,-0.2865,0.3344,1.1996,0.0,-0.3509,1.6805
000789,万年青,0.873,-0.0442,0.8957,0.4346,0.0,2.83,0.0496
600258,首旅酒店,-0.4338,0.1958,-0.6796,-0.3227,0.0,-0.3509,2.6267
600708,光明地产,-0.4059,-0.5288,-0.4134,0.2774,0.0,-0.3509,1.6005
600665,天地源,0.3296,-0.5556,0.2459,1.0983,0.0,-0.3509,-0.7351
600757,长江传媒,0.0336,2.8565,-0.3535,0.5599,0.0,-0.3509,-0.7351
600587,新华医疗,0.8161,1.5381,1.3632,1.072,0.0,-0.3509,-0.3496
600120,浙江东方,0.2942,0.2197,1.2876,0.2277,0.0,-0.3509,-0.7351
600386,北巴传媒,-0.0646,0.4075,-0.012,1.733,0.0,-0.3509,-0.7351
002226,江南化工,-0.6762,2.8565,1.2645,2.3621,0.0,3.3914,2.6267
600378,天科股份,0.3312,-0.4525,0.193,-0.2551,0.0,-0.3509,-0.7351
000850,华茂股份,1.3881,-0.4433,1.7203,1.6786,0.0,3.3914,-0.7351
600509,天富能源,1.396,0.1164,1.008,0.9902,0.0,-0.3509,1.4133
600704,物产中大,-0.0182,-0.0447,0.1106,1.536,0.0,3.3914,-0.5302
600823,世茂股份,1.9154,2.8565,2.241,2.3621,0.0,-0.3509,-0.7351
600352,浙江龙盛,-0.4852,-0.0097,-0.1335,0.5864,0.0,-0.3509,1.0846
000536,华映科技,-0.4113,2.8565,2.4623,1.7781,0.0,-0.3509,2.6267
000679,大连友谊,-0.683,-0.7689,-0.5192,1.0811,0.0,-0.3509,-0.2492
600270,外运发展,1.1633,0.1438,0.6882,0.3478,0.0,-0.3509,0.8948
600668,尖峰集团,0.49,-0.5206,0.541,0.1539,0.0,-0.3509,-0.7351
601898,中煤能源,0.175,-0.0455,-0.0019,2.3621,0.0,-0.3509,1.2861
000819,岳阳兴长,-0.0702,0.112,-0.1559,0.0265,0.0,-0.3509,-0.5757
600269,赣粤高速,-0.3057,-0.7379,-0.4016,2.1057,0.0,-0.3509,2.3751
000421,南京公用,0.4222,-0.6935,0.3109,0.5789,0.0,-0.3509,-0.7351
600246,万通地产,0.2256,-0.0142,-0.0308,1.3216,0.0,-0.3509,-0.7351
002255,海陆重工,0.0607,-0.2762,-0.0143,1.9753,0.0,-0.3509,0.1481
000926,福星股份,0.3288,-0.1637,0.2967,1.4488,0.0,-0.3509,-0.7351
600628,新世界,0.0887,-0.4479,-0.0731,0.5688,0.0,-0.3509,0.9497
000893,东凌国际,-0.6216,-0.4813,-0.7524,-0.1559,0.0,-0.3509,-0.7351
002124,天邦股份,-0.2914,0.4624,-0.5078,-0.0323,0.0,-0.3509,0.9869
000778,新兴铸管,0.2007,0.6751,0.0306,2.3621,0.0,-0.3509,0.814
600011,华能国际,-0.167,0.0175,-0.2082,1.2766,0.0,-0.3509,2.6267
600706,曲江文旅,0.0336,2.8565,-0.3535,0.0227,0.0,-0.3509,-0.7351
002114,罗平锌电,2.4404,-0.714,0.7687,-0.5798,0.0,-0.3509,-0.7351
000828,东莞控股,0.061,-0.0877,-0.149,0.1471,0.0,-0.3509,2.6267
002096,南岭民爆,-1.0127,1.1141,0.1788,1.0762,0.0,3.3914,-0.0981
600108,亚盛集团,1.1844,-0.0722,1.2195,1.0488,0.0,-0.3509,-0.7351
600780,通宝能源,2.4404,1.3575,2.4623,1.3564,0.0,-0.3509,-0.7351
600864,哈投股份,0.164,-0.4203,-0.0715,1.2423,0.0,-0.3509,0.1483
600820,隧道股份,0.209,-0.2443,1.0406,2.3621,0.0,-0.3509,2.0581
600004,白云机场,0.2607,-0.2996,-0.0153,0.479,0.0,-0.3509,2.6267
600018,上港集团,-0.1162,0.057,-0.066,0.1729,0.0,-0.3509,2.6267
002159,三特索道,1.0029,-0.2025,0.6929,0.0613,0.0,-0.3509,-0.3006
600160,巨化股份,1.2151,0.4846,2.2058,0.4179,0.0,3.1006,-0.7351
600138,中青旅,-0.1334,-0.0045,-0.1961,0.153,0.0,-0.3509,0.706
002138,顺络电子,-0.1328,0.6296,0.4086,0.0005,0.0,-0.3509,-0.7351
000581,威孚高科,-0.4727,-0.0416,0.4039,0.8237,0.0,3.3914,0.5508
002003,伟星股份,-0.6324,-0.407,-0.3733,0.8346,0.0,-0.3509,2.4372
600990,四创电子,0.2056,0.0823,0.1141,-0.5406,0.0,-0.3509,-0.7351
600698,湖南天雁,0.0336,-1.4649,-0.3535,-0.4763,0.0,-0.3509,-0.7351
000889,茂业通信,0.0336,-0.0327,-0.3535,-0.1745,0.0,-0.3509,-0.7351
002025,航天电器,0.2585,0.2259,0.0657,-0.1175,0.0,-0.3509,0.1871
600008,首创股份,0.1778,-0.4705,-0.0844,0.6856,0.0,-0.3509,2.1892
000739,普洛药业,1.27,0.8586,1.3897,1.0412,0.0,-0.3509,-0.4168
600463,空港股份,0.1457,-0.7327,-0.0505,-0.0632,0.0,-0.3509,0.7961
000791,甘肃电投,1.598,2.8565,2.4623,0.9939,0.0,-0.3509,-0.7351
600735,新华锦,-0.1293,-1.3187,0.5376,-0.194,0.0,-0.3509,-0.7351
600372,中航电子,1.5863,1.6484,2.4623,0.0498,0.0,-0.3509,-0.7351
601666,平煤股份,-0.6732,-0.6179,-0.5701,1.3845,0.0,-0.3509,0.8214
600686,金龙汽车,0.0388,-0.0414,-0.0029,0.4947,0.0,-0.3509,1.0474
600009,上海机场,0.8876,-0.2991,0.5561,-0.2118,0.0,-0.3509,0.2056
002109,兴化股份,0.1824,0.0283,0.014,0.8642,0.0,-0.3509,0.5453
000582,北部湾港,-0.4982,2.8565,-0.4265,0.1141,0.0,-0.3509,-0.7351
600496,精工钢构,-0.3828,-0.3686,-0.2659,1.8497,0.0,-0.3509,-0.7351
600814,杭州解百,-0.1034,-0.5055,-0.1667,0.1134,0.0,-0.3509,-0.7351
600203,福日电子,0.0336,1.0436,-0.3535,-0.2119,0.0,-0.3509,-0.7351
600551,时代出版,-0.1474,0.1403,-0.0148,0.7666,0.0,-0.3509,0.1538
000885,同力水泥,-0.0279,-0.045,0.0362,0.1227,0.0,-0.3509,-0.7351
600675,中华企业,-0.6108,-1.1007,-0.468,0.9645,0.0,3.3914,-0.7351
000039,中集集团,0.5644,0.9506,0.4274,0.2669,0.0,-0.3509,2.018
600481,双良节能,-0.5929,-0.1108,-0.8049,1.2516,0.0,-0.3509,2.6267
600143,金发科技,0.0802,0.0632,0.8127,0.6015,0.0,-0.3509,0.1865
600486,扬农化工,-0.0059,-0.2703,-0.1414,-0.1277,0.0,-0.3509,0.5974
600327,大东方,-0.8153,-0.3819,-0.7511,0.1672,0.0,-0.3509,0.9821
000823,超声电子,0.4707,-0.0894,0.2026,0.2209,0.0,-0.3509,-0.7351
002026,山东威达,0.7022,0.0108,0.4433,0.6816,0.0,-0.3509,-0.7351
601111,中国国航,-0.8365,0.3103,-0.3695,0.3154,0.0,-0.3509,1.5343
600724,宁波富达,0.0563,1.5554,0.0875,1.1535,0.0,-0.3509,-0.7351
600396,金山股份,1.4053,0.2293,0.8115,2.3621,0.0,-0.3509,-0.7351
601991,大唐发电,0.7832,-0.0525,0.8097,1.4335,0.0,-0.3509,0.8936
600824,益民集团,0.1664,0.1451,-0.0448,0.4947,0.0,-0.3509,0.5574
600332,白云山,0.6038,0.4744,0.3337,-0.2602,0.0,1.2519,-0.272
000701,厦门信达,0.4002,0.2975,0.1665,0.2157,0.0,-0.3509,1.1085
600546,山煤国际,-0.9988,2.246,-0.1276,2.3621,0.0,-0.3509,0.2441
002094,青岛金王,1.8401,0.9709,1.3771,-0.5165,0.0,-0.3509,-0.7351
600645,中源协和,2.4404,-0.9214,2.2154,-0.7218,0.0,-0.3509,-0.7351
000608,阳光股份,-0.407,-1.4649,-0.3595,0.7598,0.0,-0.3509,-0.7351
002266,浙富控股,-0.428,-0.7111,-0.3501,0.7789,0.0,-0.3509,0.053
002013,中航机电,0.4327,2.8565,2.4623,0.8082,0.0,3.3914,-0.4418
002010,传化智联,-0.8356,0.1555,-0.2619,-0.2011,0.0,-0.3509,-0.3299
600498,烽火通信,0.2182,0.0901,0.3479,0.3861,0.0,3.3914,0.172
600397,安源煤业,1.5637,2.8565,2.4623,2.3621,0.0,-0.3509,-0.7351
002024,苏宁云商,-0.8198,0.0254,-0.4282,0.0488,0.0,2.2422,0.5002
000838,财信发展,2.4404,2.8565,2.4623,0.0922,0.0,-0.3509,-0.7351
601390,中国中铁,-0.199,-0.323,-0.2881,0.4666,0.0,-0.3509,1.7212
002050,三花智控,-0.7762,0.2292,-0.2212,-0.0737,0.0,-0.3509,2.6267
002237,恒邦股份,-0.3066,2.0636,0.3724,1.0173,0.0,-0.3509,-0.7351
600565,迪马股份,1.9665,1.7473,1.4234,0.3249,0.0,-0.3509,-0.4574
600522,中天科技,-0.8461,-0.12,-0.1193,0.6715,0.0,-0.3509,-0.7351
600676,交运股份,0.1904,0.543,0.2855,0.7475,0.0,-0.3509,1.6697
600019,宝钢股份,0.6178,-0.4622,0.276,1.2062,0.0,-0.3509,2.6267
000625,长安汽车,-0.303,-0.6281,-0.05,-0.0592,0.0,-0.3509,0.3798
002117,东港股份,-0.3654,-0.2124,-0.0098,-0.0847,0.0,-0.3509,2.6267
000516,国际医学,0.2042,-0.2292,0.0332,0.2329,0.0,-0.3509,-0.7351
600657,信达地产,-0.3151,-0.9206,-0.4041,1.1759,0.0,-0.3509,-0.7351
000419,通程控股,0.3355,-0.0616,0.8222,0.6743,0.0,3.3914,-0.7351
002011,盾安环境,0.1535,1.4638,0.3217,0.6001,0.0,-0.3509,0.8741
002148,北纬科技,0.0577,-0.3546,-0.0913,0.5739,0.0,-0.3509,0.0738
000619,海螺型材,-0.2927,-0.8243,-0.4445,1.3872,0.0,-0.3509,1.0091
000046,泛海控股,0.9847,0.2222,0.3771,-0.1132,0.0,-0.3509,-0.0725
002187,广百股份,-0.4823,-0.0891,-0.1996,0.8698,0.0,-0.3509,0.6484
600834,申通地铁,-0.0638,-1.1237,-0.2723,-0.0136,0.0,-0.3509,0.3344
000605,渤海股份,2.4404,-0.0271,1.7964,-0.6713,0.0,-0.3509,-0.7351
002144,宏达高科,1.3266,0.4621,2.4623,0.8912,0.0,-0.3509,0.6008
600651,飞乐音响,0.323,-0.1513,0.1017,-0.3196,0.0,-0.3509,-0.1324
000666,经纬纺机,0.0336,-0.2949,-0.3535,0.2918,0.0,2.7302,-0.0816
600298,安琪酵母,-0.8696,-0.0633,-0.2065,-0.1346,0.0,1.7735,-0.7351
600217,中再资环,0.0336,-0.4562,-0.3535,-0.679,0.0,-0.3509,-0.7351
000559,万向钱潮,-0.6473,-0.196,-0.1278,-0.1255,0.0,-0.3509,2.6267
600017,日照港,0.1416,0.3504,0.5701,1.2203,0.0,-0.3509,-0.7351
600497,驰宏锌锗,0.5539,1.3556,-0.0648,0.3625,0.0,-0.3509,0.9467
600130,波导股份,1.9694,-0.9946,1.5169,-0.3715,0.0,-0.3509,-0.7351
002177,御银股份,-0.0042,-0.0091,-0.0301,0.5079,0.0,-0.3509,-0.235
600787,中储股份,1.0639,0.2677,0.5353,0.4765,0.0,-0.3509,-0.2474
000697,炼石有色,1.994,-1.4649,1.5157,-0.6474,0.0,-0.3509,-0.7351
600969,郴电国际,-0.0113,-0.2479,0.2616,0.5162,0.0,-0.3509,-0.7351
000793,华闻传媒,0.3244,-0.0528,0.1765,-0.1353,0.0,-0.3509,-0.3594
600831,广电网络,0.4818,0.1653,0.2818,0.1642,0.0,2.8093,-0.7351
002100,天康生物,-0.455,-0.0696,-0.2608,0.5909,0.0,-0.3509,-0.2561
600261,阳光照明,-0.3178,-0.2079,0.2482,1.1521,0.0,3.3914,-0.7351
600490,鹏欣资源,0.0336,2.8565,-0.3535,0.0513,0.0,-0.3509,-0.7351
600718,东软集团,-0.6529,0.007,-0.6691,0.047,0.0,-0.3509,-0.7351
601727,上海电气,-0.2415,-0.4023,-0.2696,0.1992,0.0,-0.3509,0.6476
000856,冀东装备,-0.3435,2.8565,0.9021,-0.5002,0.0,0.5682,-0.7351
600648,外高桥,0.1456,-0.8585,-0.1272,-0.0577,0.0,-0.3509,0.9334
600533,栖霞建设,0.1269,-0.5795,0.0103,1.057,0.0,-0.3509,2.6267
600764,中电广通,2.4404,-0.9039,1.5902,-0.5933,0.0,-0.3509,-0.3838
600500,中化国际,-0.1936,0.7273,-0.4112,0.6926,0.0,3.3914,-0.7351
002238,天威视讯,0.4865,-0.5905,0.1709,0.5146,0.0,-0.3509,-0.1033
600365,通葡股份,0.0336,-0.5524,-0.3535,-0.4429,0.0,-0.3509,-0.7351
600650,锦江投资,-0.5196,-0.4911,-0.7024,-0.0758,0.0,-0.3509,2.6267
600663,陆家嘴,-0.3488,-0.881,-0.4629,0.0427,0.0,-0.3509,0.6504
600505,西昌电力,-1.479,-0.1309,-1.0284,0.0869,0.0,-0.3509,-0.7351
600635,大众公用,0.1482,-0.769,0.0932,0.5493,0.0,-0.3509,0.3381
002258,利尔化学,-0.3881,1.4066,-0.4915,-0.0799,0.0,-0.3509,-0.7351
600967,内蒙一机,0.8094,-0.4792,1.3075,1.7695,0.0,-0.3509,0.5429
002055,得润电子,-0.1171,0.7126,1.0583,-0.3736,0.0,1.0251,-0.3822
002028,思源电气,-1.3617,-0.1552,-1.4183,0.4086,0.0,3.3914,2.6267
600773,西藏城投,-0.2995,0.0409,-0.0783,-0.2868,0.0,-0.3509,-0.7351
600236,桂冠电力,0.1414,0.0286,-0.4838,-0.0731,0.0,-0.3509,0.8777
600141,兴发集团,-0.2872,1.3444,0.4872,0.6467,0.0,-0.3509,-0.1926
600415,小商品城,-0.5773,-0.9474,-0.5972,0.5614,0.0,-0.3509,-0.7351
600886,国投电力,0.5836,0.3595,0.4035,0.4939,0.0,3.3914,-0.2978
000630,铜陵有色,-0.2356,0.8311,0.0885,2.3621,0.0,-0.3509,-0.1691
000409,山东地矿,0.0336,2.8565,-0.3535,0.5119,0.0,-0.3509,-0.7351
002150,通润装备,-0.1732,-0.0329,-0.3545,-0.1236,0.0,-0.3509,0.8054
002009,天奇股份,2.4404,1.0785,2.4623,-0.3546,0.0,-0.3509,-0.7351
600345,长江通信,0.5068,0.2745,0.1937,-0.2612,0.0,-0.3509,1.046
000715,中兴商业,-0.1181,-0.4823,-0.2646,0.392,0.0,-0.3509,0.9351
600172,黄河旋风,2.3557,0.4533,2.4623,0.4723,0.0,-0.3509,-0.7351
600131,岷江水电,0.0336,0.4657,-0.3535,-0.1058,0.0,-0.3509,-0.7351
000665,湖北广电,1.5101,-0.0791,2.4623,1.1613,0.0,-0.3509,-0.7351
000957,中通客车,1.2233,0.3314,0.8632,-0.0899,0.0,-0.3509,-0.0204
600717,天津港,0.3546,-0.342,0.1182,0.9334,0.0,-0.3509,1.0983
600666,奥瑞德,-0.2244,0.0268,-0.4622,-0.5434,0.0,-0.3509,0.3016
600575,皖江物流,2.4404,2.8565,2.4623,1.7383,0.0,-0.3509,-0.7351
002074,国轩高科,-0.0506,-0.2084,-0.2656,-0.5557,0.0,0.4182,0.07
601607,上海医药,-0.1255,1.5744,2.4623,0.1869,0.0,-0.3509,0.791
600583,海油工程,-0.3123,-1.0697,-0.4952,0.2611,0.0,-0.3509,-0.7351
000616,海航投资,-0.6305,-1.3247,-0.6044,1.6471,0.0,-0.3509,1.6059
600418,江淮汽车,0.1149,-0.255,0.054,0.5136,0.0,-0.3509,2.6267
600846,同济科技,0.2173,-0.0884,0.0246,-0.2157,0.0,-0.3509,-0.7351
600325,华发股份,-0.5411,-0.6772,-0.5617,1.6418,0.0,-0.3509,0.58
600513,联环药业,0.4882,-0.512,0.1941,-0.1085,0.0,-0.3509,-0.2712
600426,华鲁恒升,-0.7025,0.097,-0.2935,-0.026,0.0,-0.3509,0.1187
000507,珠海港,0.0888,-0.0822,0.1273,0.0025,0.0,-0.3509,-0.3291
002216,三全食品,-0.1587,0.2086,0.1302,1.8483,0.0,-0.3509,0.1392
600007,中国国贸,0.3052,0.6183,-0.0662,-0.0765,0.0,-0.3509,0.2651
002031,巨轮智能,-0.0855,0.2602,-0.0486,2.1811,0.0,3.3914,-0.0614
600898,国美通讯,0.0336,-0.987,-0.3535,-0.5478,0.0,-0.3509,-0.7351
600626,申达股份,0.5024,-0.4213,0.1657,0.13,0.0,-0.3509,1.1292
600510,黑牡丹,-0.2592,-0.1507,-0.4113,1.1155,0.0,-0.3509,1.9192
600221,海航控股,0.6752,0.2096,1.9864,2.3621,0.0,-0.3509,0.5296
002111,威海广泰,-0.4367,0.4366,0.2646,-0.1834,0.0,-0.3509,0.2063
600856,中天能源,1.2866,-0.4753,0.267,-0.6781,0.0,-0.3509,-0.7351
600545,卓郎智能,-0.2738,-0.0667,-0.3511,-0.0674,0.0,-0.3509,0.2144
002214,大立科技,-0.4725,-0.4889,-0.5437,0.7538,0.0,-0.3509,-0.2242
000736,中交地产,-0.0493,2.8565,-0.1611,-0.0407,0.0,-0.3509,-0.7351
600029,南方航空,1.2887,0.161,2.4318,0.0056,0.0,-0.3509,-0.7351
600982,宁波热电,-0.3496,-0.7543,0.0638,2.179,0.0,-0.3509,0.4339
600318,新力金融,2.4404,0.0324,2.4623,-0.0755,0.0,-0.3509,-0.7351
002173,创新医疗,1.4045,-0.4489,1.0624,-0.297,0.0,-0.3509,-0.7351
600094,大名城,-0.266,-0.8828,2.4623,-0.2211,0.0,-0.3509,-0.7351
600183,生益科技,-0.6438,0.0216,-0.3313,-0.3515,0.0,-0.3509,-0.7351
002082,栋梁新材,-0.7084,0.0717,-0.6673,0.0192,0.0,-0.3509,1.2746
000609,绵石投资,2.4404,2.8565,1.9659,-0.0059,0.0,-0.3509,-0.7351
002185,华天科技,-0.0412,0.4435,0.1248,-0.0125,0.0,-0.3509,-0.7351
600865,百大集团,-0.4719,-0.724,-0.5215,0.1441,0.0,-0.3509,-0.7351
000089,深圳机场,-0.3841,-0.2079,-0.3462,0.4121,0.0,-0.3509,0.3057
002101,广东鸿图,-0.407,0.9811,0.2139,-0.0535,0.0,-0.3509,0.3623
002068,黑猫股份,-0.5855,0.8199,-0.0794,-0.1171,0.0,-0.3509,-0.7351
000797,中国武夷,0.3819,-1.1077,0.0583,-0.0654,0.0,-0.3509,-0.7351
002253,川大智胜,-0.1079,-0.067,0.3072,-0.0689,0.0,-0.3509,0.541
600653,申华控股,0.4452,2.382,-0.0095,0.1446,0.0,-0.3509,-0.7351
002157,正邦科技,-0.5507,1.269,0.0701,0.1541,0.0,3.1706,-0.7351
000767,漳泽电力,2.4404,-0.5507,1.5269,-0.2607,0.0,-0.3509,-0.7351
600775,南京熊猫,2.4404,0.2458,2.4623,-0.0045,0.0,2.6437,-0.7351
600198,大唐电信,-0.4201,0.2813,0.9229,0.0512,0.0,2.3521,-0.7351
600452,涪陵电力,2.4404,-0.0584,2.4623,-0.6123,0.0,-0.3509,-0.7351
002197,证通电子,-0.2304,-0.7762,-0.3151,-0.2507,0.0,-0.3509,-0.7351
600639,浦东金桥,-0.3632,-0.3988,-0.4273,-0.1262,0.0,-0.3509,0.8503
600597,光明乳业,0.4233,0.0778,0.7233,-0.2279,0.0,-0.3509,0.828
002023,海特高新,-0.2658,-0.4542,0.052,0.0504,0.0,-0.3509,-0.7351
600116,三峡水利,-0.2063,-0.174,0.1642,0.3124,0.0,-0.3509,0.1145
002012,凯恩股份,-0.8245,-0.1712,0.0035,-0.2794,0.0,-0.3509,1.4247
000798,中水渔业,0.9503,-0.1032,0.5604,-0.1596,0.0,-0.3509,0.0464
600495,晋西车轴,1.6354,0.162,1.1172,1.1365,0.0,-0.3509,-0.7351
002086,东方海洋,0.5843,-0.2809,0.281,0.2242,0.0,-0.3509,-0.7351
600240,华业资本,0.4333,-0.4557,0.3975,-0.2361,0.0,-0.3509,-0.7351
600643,爱建集团,0.4935,-1.4649,1.7866,0.1224,0.0,-0.3509,-0.7351
600467,好当家,0.3767,0.3034,0.8939,2.1832,0.0,-0.3509,-0.7351
600176,中国巨石,0.0336,-0.0632,-0.3535,-0.2331,0.0,-0.3509,-0.7351
000655,金岭矿业,-0.6071,-0.3014,-0.3787,0.9894,0.0,-0.3509,0.1471
600592,龙溪股份,-0.1899,-0.1016,-0.0473,0.1905,0.0,-0.3509,0.6456
000936,华西股份,0.0777,-0.7417,0.0912,0.1001,0.0,-0.3509,-0.7351
002054,德美化工,-0.9775,-0.6431,-0.7113,-0.0725,0.0,-0.3509,0.9688
600073,上海梅林,0.0336,1.8929,-0.3535,-0.0546,0.0,-0.3509,-0.7351
000722,湖南发展,0.0336,-1.4649,-0.3535,0.3681,0.0,-0.3509,-0.7351
000708,大冶特钢,-0.8564,-0.2409,-0.7409,0.4971,0.0,-0.3509,2.6267
002249,大洋电机,-0.815,0.2664,-0.4141,0.4024,0.0,-0.3509,-0.7351
600280,中央商场,0.225,-0.2764,-0.0401,0.8303,0.0,-0.3509,-0.0342
600064,南京高科,0.9076,-0.8429,0.075,0.7549,0.0,3.3914,0.2885
000547,航天发展,0.2442,-0.7241,0.2475,-0.3757,0.0,-0.3509,-0.4998
600833,第一医药,-0.33,-0.4346,-0.4441,-0.4066,0.0,-0.3509,-0.2009
002231,奥维通信,0.2923,0.5466,0.4946,-0.3671,0.0,-0.3509,0.75
000738,航发控制,0.1912,-0.3423,0.0069,-0.3232,0.0,1.468,-0.7351
600577,精达股份,-0.1552,0.4034,0.2457,0.4915,0.0,-0.3509,0.4129
000591,太阳能,0.4162,-0.5422,0.0932,-0.1798,0.0,-0.3509,0.5399
000785,武汉中商,-0.1642,-0.5164,-0.2503,-0.0751,0.0,2.5293,-0.7351
600776,东方通信,0.83,-1.0574,0.3853,-0.1695,0.0,-0.3509,1.7531
600439,瑞贝卡,-0.2795,-0.3197,-0.1026,0.152,0.0,-0.3509,0.8797
000099,中信海直,-0.0046,-0.379,-0.1026,0.1408,0.0,-0.3509,-0.0479
600038,中直股份,0.2861,-0.364,0.0254,-0.5222,0.0,-0.3509,-0.0396
000868,安凯客车,1.0005,0.0993,1.3472,-0.2873,0.0,-0.3509,-0.4529
600801,华新水泥,-0.4767,0.1632,-0.2488,0.4963,0.0,-0.3509,-0.1165
600611,大众交通,-0.5886,-1.1374,-0.7666,0.737,0.0,-0.3509,0.9408
600548,深高速,0.1419,0.5264,-0.1111,0.28,0.0,3.3914,2.6267
600089,特变电工,-1.1684,-0.3454,-0.7596,0.3487,0.0,3.3914,0.4314
000788,北大医药,-0.5901,0.5647,-0.1986,-0.2973,0.0,-0.3509,-0.7351
002049,紫光国芯,-0.1575,0.38,1.4361,-0.3279,0.0,-0.3509,0.5457
002225,濮耐股份,-0.8278,0.3144,-0.6475,0.0231,0.0,-0.3509,0.0804
000759,中百集团,-0.6204,-0.1262,-0.3918,0.2517,0.0,-0.3509,0.9902
600874,创业环保,-0.0124,-0.4433,-0.2518,-0.3526,0.0,-0.3509,1.647
600997,开滦股份,-0.9137,0.0834,-0.8258,1.1667,0.0,-0.3509,0.2256
600722,金牛化工,0.0336,-0.2727,-0.3535,-0.1066,0.0,-0.3509,-0.7351
600728,佳都科技,0.0336,2.568,2.3879,-0.2024,0.0,-0.3509,-0.7351
600351,亚宝药业,-0.8186,-1.1325,-0.4891,-0.0512,0.0,-0.3509,0.2012
600857,宁波中百,1.7971,-0.1369,1.3111,-0.2265,0.0,2.0831,-0.4206
000078,海王生物,1.8194,0.7049,1.4467,-0.3142,0.0,-0.3509,-0.7351
000415,渤海金控,0.0336,2.8565,-0.3535,1.2801,0.0,-0.3509,-0.7351
600978,宜华生活,-0.4347,-0.1232,-0.333,0.0958,0.0,-0.3509,0.5455
001896,豫能控股,0.0336,2.8565,-0.3535,-0.3915,0.0,-0.3509,-0.7351
600790,轻纺城,0.372,-0.0963,0.9733,0.8531,0.0,-0.3509,-0.7351
600303,曙光股份,-0.5627,-0.3425,-0.3277,0.1815,0.0,-0.3509,-0.0807
600523,贵航股份,-0.0621,-0.2628,-0.2604,-0.0349,0.0,-0.3509,0.4948
600893,航发动力,0.7099,-0.3348,0.3401,-0.4399,0.0,-0.3509,-0.2963
002151,北斗星通,-0.9125,0.2866,-0.4518,-0.5463,0.0,-0.3509,0.2248
600891,秋林集团,1.6558,0.1754,2.4623,-0.0668,0.0,-0.3509,-0.7351
600098,广州发展,-0.1699,0.3607,-0.1442,0.6889,0.0,-0.3509,2.6267
002062,宏润建设,-1.1458,-0.6712,-1.0828,0.5149,0.0,-0.3509,2.6267
002196,方正电机,2.2684,-0.004,1.6194,-0.1748,0.0,-0.3509,-0.7351
000919,金陵药业,-0.634,-0.6238,-0.7488,0.176,0.0,-0.3509,1.225
600979,广安爱众,-0.5569,0.1409,-0.0224,-0.1252,0.0,-0.3509,-0.4724
600830,香溢融通,0.5127,-0.202,0.2855,0.0623,0.0,-0.3509,-0.1825
000048,康达尔,0.0336,-0.8577,-0.808,-0.6676,0.0,-0.3509,-0.7351
600363,联创光电,0.6692,-0.6746,0.8453,-0.0767,0.0,-0.3509,-0.4217
600739,辽宁成大,-1.1764,0.873,-0.9347,0.0875,0.0,-0.3509,-0.2594
002121,科陆电子,-0.9458,1.3973,-0.2775,-0.0361,0.0,-0.3509,-0.2987
002228,合兴包装,-0.9046,0.7219,-0.4601,0.4803,0.0,-0.3509,0.0628
002073,软控股份,-0.8367,-0.2732,-0.6807,0.303,0.0,3.3914,0.0736
000623,吉林敖东,-1.2269,-0.3048,-1.0054,0.1765,0.0,-0.3509,-0.6174
600100,同方股份,0.4795,-0.2516,0.2354,0.1622,0.0,-0.3509,-0.0961
600765,中航重机,-0.5177,0.232,-0.5449,-0.0761,0.0,-0.3509,-0.2474
000776,广发证券,0.0336,2.8565,-0.3535,-0.1709,0.0,2.4027,0.9832
600410,华胜天成,-0.6933,-0.1194,-0.5305,-0.0148,0.0,-0.3509,0.5386
000909,数源科技,0.8146,-0.4404,0.4736,-0.1126,0.0,-0.3509,-0.7351
600356,恒丰纸业,-0.3769,-0.4706,-0.4972,0.6326,0.0,-0.3509,2.2921
002222,福晶科技,-0.0996,-0.1029,-0.3576,-0.5219,0.0,-0.3509,1.4237
000532,华金资本,0.022,-0.8641,-0.3076,-0.4682,0.0,-0.3509,-0.0838
002221,东华能源,0.0065,0.6346,0.641,0.2187,0.0,-0.3509,-0.5019
000428,华天酒店,-0.5837,-0.4539,-0.6666,0.2566,0.0,-0.3509,-0.7351
002170,芭田股份,1.7147,-0.1577,2.4518,0.2341,0.0,-0.3509,-0.7351
000521,美菱电器,-1.2854,-0.2273,-0.7641,0.7079,0.0,-0.3509,0.2494
600438,通威股份,-0.6796,-0.4471,-0.7424,-0.4197,0.0,-0.3509,-0.7351
000607,华媒控股,0.0336,-1.0406,-0.3535,-0.5228,0.0,-0.3509,-0.7351
000965,天保基建,-0.2951,0.0859,-0.3471,0.4134,0.0,-0.3509,-0.7351
000530,大冷股份,0.4835,-0.7418,0.066,1.0322,0.0,-0.3509,1.5682
600872,中炬高新,0.6208,0.1797,0.306,-0.5916,0.0,-0.3509,-0.7351
600475,华光股份,-0.6684,-0.4346,-0.6833,-0.0793,0.0,-0.3509,0.2505
600480,凌云股份,-1.2702,0.3014,-0.7908,-0.1441,0.0,-0.3509,-0.7351
002046,轴研科技,-0.2371,0.175,0.164,0.0422,0.0,-0.3509,0.0397
600638,新黄浦,0.1242,0.3714,-0.0815,-0.0536,0.0,-0.3509,1.2092
600841,上柴股份,0.8275,-1.0524,0.9182,-0.1693,0.0,-0.3509,-0.4614
600187,国中水务,-0.2523,2.0511,1.2944,0.3437,0.0,-0.3509,-0.7351
002229,鸿博股份,-0.5225,1.7743,-0.2783,-0.2194,0.0,-0.3509,2.6264
000830,鲁西化工,0.1335,-0.0938,0.6548,-0.4224,0.0,-0.3509,-0.7351
000729,燕京啤酒,-0.3359,-0.3509,-0.3713,0.1552,0.0,-0.3509,0.8123
000967,盈峰环境,0.0336,0.9763,-0.3535,0.004,0.0,-0.3509,-0.7351
600664,哈药股份,-0.9785,-0.0116,-0.9083,0.6027,0.0,-0.3509,2.6267
601588,北辰实业,0.0133,-0.6261,-0.2605,0.3127,0.0,-0.3509,0.0804
600619,海立股份,0.6277,-0.1917,0.6178,-0.1429,0.0,-0.3509,-0.7351
000880,潍柴重机,-1.4183,-1.0463,-1.1077,0.1119,0.0,-0.3509,-0.7351
600285,羚锐制药,0.428,-0.5635,0.0343,-0.0683,0.0,-0.3509,-0.088
600375,华菱星马,-0.9485,0.0273,0.4303,1.5398,0.0,-0.3509,-0.7351
600568,中珠医疗,-1.324,-1.4649,-1.1108,-0.0974,0.0,-0.3509,-0.7351
600662,强生控股,-0.3375,1.1744,-0.0015,0.1669,0.0,-0.3509,0.7478
000790,泰合健康,2.004,-0.1635,1.6301,-0.3632,0.0,-0.3509,-0.7351
002093,国脉科技,-1.1364,-0.6866,-0.6073,-0.5106,0.0,-0.3509,-0.7351
600482,中国动力,0.574,0.108,0.2537,-0.5563,0.0,-0.3509,-0.7351
000966,长源电力,0.8733,-0.5464,0.199,0.4247,0.0,-0.3509,-0.7351
000777,中核科技,-0.1913,-0.2836,-0.013,-0.2283,0.0,-0.3509,-0.1099
600292,远达环保,0.0923,0.0641,1.07,0.3944,0.0,-0.3509,-0.7351
600783,鲁信创投,0.0336,-0.0688,-0.3535,-0.2373,0.0,-0.3509,-0.4575
600239,云南城投,-0.1622,-1.4649,-0.3197,0.6832,0.0,-0.3509,-0.3434
600268,国电南自,-0.5227,0.5386,0.1724,0.5842,0.0,-0.3509,-0.7351
000685,中山公用,-1.213,-0.7363,-1.0452,0.5901,0.0,-0.3509,0.8062
000816,智慧农业,-0.7022,-0.1841,-0.7052,0.1681,0.0,-0.3509,-0.5437
002172,澳洋科技,-1.0864,-0.1712,-1.52,-0.4737,0.0,-0.3509,-0.7351
000977,浪潮信息,2.4404,0.4833,2.4623,-0.2011,0.0,-0.3509,-0.7351
600712,南宁百货,-0.7491,0.1425,0.5573,-0.2857,0.0,-0.3509,0.3274
600158,中体产业,0.4234,-0.7499,0.0955,-0.5204,0.0,-0.3509,-0.5579
002137,麦达数字,2.4404,0.1951,1.8301,-0.332,0.0,-0.3509,0.3379
600250,南纺股份,0.9695,-1.3318,-0.5078,-0.6062,0.0,-0.3509,-0.5151
600644,乐山电力,-0.3888,-0.1363,-0.556,-0.1383,0.0,-0.3509,0.0398
600278,东方创业,0.2809,1.4598,0.1916,-0.0494,0.0,-0.3509,0.8213
600879,航天电子,-0.1239,-0.2287,-0.3398,0.2264,0.0,-0.3509,-0.7351
002204,大连重工,-0.9743,2.8565,0.639,2.3621,0.0,-0.3509,-0.4465
000301,东方市场,0.6771,-0.6155,0.2461,-0.1036,0.0,-0.3509,1.775
000920,南方汇通,0.7668,0.5472,0.2592,-0.3294,0.0,-0.3509,-0.7351
600322,天房发展,0.5393,1.0285,0.1924,0.3674,0.0,-0.3509,0.7927
002233,塔牌集团,-0.717,-0.389,-0.4163,-0.1759,0.0,-0.3509,2.4564
600035,楚天高速,-0.7188,-0.5327,-0.7443,0.483,0.0,-0.3509,2.0516
002088,鲁阳节能,-0.5674,-0.4564,-0.6535,0.0135,0.0,-0.3509,0.425
600114,东睦股份,0.0336,-0.2437,-0.3535,-0.3873,0.0,1.6994,-0.7351
600179,安通控股,0.0336,-0.6967,-0.3535,-0.7261,0.0,-0.3509,-0.7351
600895,张江高科,-0.8253,-0.8063,-0.9265,-0.2735,0.0,-0.3509,0.6842
600843,上工申贝,-0.0381,-1.0087,-0.1274,-0.5088,0.0,-0.3509,-0.7351
002168,深圳惠程,-0.9543,-0.5851,-0.4883,-0.5944,0.0,-0.3509,-0.7351
000713,丰乐种业,-0.8159,0.1078,-0.3397,0.2683,0.0,-0.3509,-0.2172
600033,福建高速,-0.6377,-0.5713,-0.7857,0.4373,0.0,-0.3509,2.6267
002017,东信和平,0.3494,-0.3777,-0.1416,-0.1392,0.0,-0.3509,1.8129
002176,江特电机,1.2104,0.3714,1.8162,-0.4419,0.0,1.4386,-0.7351
600488,天药股份,0.4019,0.2043,0.0824,0.3563,0.0,-0.3509,-0.7351
000783,长江证券,-1.0453,-1.3861,-0.966,0.2833,0.0,3.3914,2.6267
600736,苏州高新,-0.3738,-1.0663,-0.4864,0.0224,0.0,-0.3509,-0.5381
600640,号百控股,2.4404,1.8133,2.4623,-0.2352,0.0,-0.3509,-0.7351
000070,特发信息,-0.0399,0.2008,-0.2216,-0.1848,0.0,-0.3509,-0.7351
002113,天润数娱,0.0336,-1.4649,-0.3535,-0.6669,0.0,-0.3509,-0.7351
002212,南洋股份,-0.9011,-0.3192,-0.6431,-0.4886,0.0,-0.3509,0.511
600804,鹏博士,-0.7683,-0.1025,-0.3676,-0.5151,0.0,-0.3509,-0.7351
600848,上海临港,0.6449,-0.9904,0.2605,-0.7364,0.0,-0.3509,-0.7351
000566,海南海药,-1.1617,0.1884,-0.1881,-0.3915,0.0,-0.3509,-0.7351
002178,延华智能,0.043,0.3689,-0.2665,-0.5093,0.0,-0.3509,-0.7351
600756,浪潮软件,0.3872,0.2447,-0.0742,-0.5302,0.0,-0.3509,-0.7351
000995,皇台酒业,0.861,0.0405,0.0308,-0.6439,0.0,-0.3509,-0.7351
002123,梦网集团,-1.0274,-0.3222,-0.7857,-0.0723,0.0,-0.3509,-0.7351
600037,歌华有线,-0.3491,-0.2508,-0.4544,-0.1145,0.0,-0.3509,0.7409
600317,营口港,-0.0661,0.1865,0.7614,1.3252,0.0,-0.3509,0.7198
000716,黑芝麻,0.0336,0.2355,-0.3535,-0.209,0.0,-0.3509,-0.7351
600093,易见股份,2.4404,-0.3247,2.4462,-0.6509,0.0,-0.3509,-0.7351
002080,中材科技,-0.9886,0.0821,-0.1858,-0.3628,0.0,-0.3509,0.8374
000009,中国宝安,-0.9246,-0.5408,-0.7708,-0.0959,0.0,-0.3509,-0.5158
600589,广东榕泰,-0.1981,-1.0197,-0.3836,0.1253,0.0,-0.3509,-0.2705
601601,中国太保,-0.6937,-0.0237,-0.6968,-0.3328,0.0,2.0496,1.2295
000910,大亚圣象,-0.7529,-0.4558,-0.8121,-0.4954,0.0,-0.3509,1.4817
600288,大恒科技,-0.3963,-0.6292,-0.4871,-0.1737,0.0,-0.3509,-0.7351
600973,宝胜股份,-0.7686,0.5593,-0.3968,1.2683,0.0,3.3914,0.7338
000883,湖北能源,-0.0099,0.561,2.4623,1.1687,0.0,3.3914,2.6267
600758,红阳能源,-0.6206,-0.4549,-0.7047,-0.4394,0.0,-0.3509,-0.7351
600173,卧龙地产,-0.8135,-1.3483,-0.8959,-0.2874,0.0,2.5649,1.1161
600803,新奥股份,0.0336,1.0125,-0.3535,-0.4709,0.0,-0.3509,-0.7351
600297,广汇汽车,1.6623,-1.4649,1.0926,-0.2672,0.0,-0.3509,-0.7351
600837,海通证券,-0.7824,-1.0142,-0.7303,-0.0469,0.0,3.3914,1.1421
600113,浙江东日,-0.3042,-0.3755,-0.3482,-0.5123,0.0,-0.3509,-0.7351
600398,海澜之家,0.2823,-0.3865,-0.0673,-0.3024,0.0,-0.3509,2.0937
000524,岭南控股,0.0336,-0.2062,-0.3535,-0.4757,0.0,-0.3509,-0.7351
601333,广深铁路,-0.144,-0.5581,-0.3816,0.3229,0.0,-0.3509,2.464
600055,万东医疗,-0.9685,-0.8668,-1.01,-0.4784,0.0,-0.3509,0.0276
600200,江苏吴中,1.6536,-0.0593,1.0516,-0.5545,0.0,-0.3509,-0.4787
601628,中国人寿,-1.1847,-0.6049,-1.2525,-0.3856,0.0,2.0051,1.9459
000901,航天科技,1.2165,2.5137,1.9312,-0.557,0.0,-0.3509,-0.7351
600343,航天动力,0.3433,0.9628,0.921,-0.1856,0.0,3.167,0.1984
002103,广博股份,-0.777,-0.5494,-0.9138,-0.22,0.0,-0.3509,2.2289
000877,天山股份,-1.5922,0.2246,-0.4471,0.178,0.0,-0.3509,1.0226
600881,亚泰集团,-0.8475,0.2541,-0.9166,0.4315,0.0,-0.3509,1.2218
600030,中信证券,-1.1442,-1.4649,-1.0077,-0.222,0.0,3.1007,2.6267
600884,杉杉股份,0.8715,0.108,0.1963,-0.1161,0.0,-0.3509,-0.0263
000750,国海证券,0.4207,2.8565,2.4623,-0.3624,0.0,2.3709,-0.7351
000151,中成股份,0.5976,0.7078,0.0884,-0.4094,0.0,-0.3509,-0.4334
000593,大通燃气,-1.6161,-0.3608,-1.4988,-0.5313,0.0,-0.3509,-0.7351
000159,国际实业,-1.0464,0.9937,-0.7302,0.4661,0.0,-0.3509,-0.2415
600674,川投能源,0.5539,-0.4996,0.6412,-0.121,0.0,-0.3509,-0.4233
600606,绿地控股,-0.9157,-1.4537,-0.9372,-0.1339,0.0,-0.3509,-0.235
600146,商赢环球,0.0336,-1.4649,-0.3535,-0.6885,0.0,-0.3509,-0.7351
600128,弘业股份,0.8238,-0.4551,0.3539,0.051,0.0,-0.3509,0.0553
002201,九鼎新材,0.6276,0.0287,0.2213,-0.4516,0.0,-0.3509,-0.7351
002105,信隆健康,-0.7228,-0.2691,-0.8895,-0.3311,0.0,-0.3509,-0.7351
600683,京投发展,-0.4518,0.0554,-0.5674,-0.193,0.0,-0.3509,-0.7351
600359,新农开发,-0.2616,-1.4649,-1.3062,-0.4949,0.0,-0.3509,-0.7351
002135,东南网架,0.111,-0.6637,0.3919,-0.2879,0.0,-0.3509,-0.7351
600720,祁连山,-1.4217,0.0711,-1.0855,0.2126,0.0,-0.3509,2.4989
600080,金花股份,0.0336,-0.3335,-0.3535,-0.2337,0.0,-0.3509,-0.7351
002084,海鸥卫浴,0.9899,-0.3465,0.4178,-0.337,0.0,-0.3509,1.6744
000720,新能泰山,1.3419,-0.7248,0.4049,-0.4878,0.0,-0.3509,-0.7351
600536,中国软件,1.8885,-0.7235,1.3856,-0.2688,0.0,-0.3509,0.0978
000825,太钢不锈,0.098,-0.265,-0.1505,0.3291,0.0,-0.3509,2.4317
600960,渤海活塞,-0.5522,-0.6466,-0.5458,0.3115,0.0,-0.3509,0.5577
002118,紫鑫药业,-1.1854,-0.036,0.0071,-0.1419,0.0,-0.3509,-0.7351
600691,阳煤化工,0.0336,2.8565,-0.3535,2.3621,0.0,-0.3509,-0.7351
000637,茂化实华,-1.4913,-0.4413,-1.5057,-0.4065,0.0,-0.3509,2.6267
002131,利欧股份,-1.4104,0.2652,-0.9757,0.9162,0.0,-0.3509,-0.7351
000034,神州数码,0.0336,-0.3844,-1.6875,-0.7589,0.0,-0.3509,-0.7351
002122,天马股份,-1.2255,-1.2851,-1.1488,-0.1213,0.0,-0.3509,0.9192
600119,长江投资,1.1248,0.7702,0.713,-0.5312,0.0,-0.3509,0.1081
600602,云赛智联,0.593,0.4793,0.3235,-0.3888,0.0,-0.3509,-0.7351
000681,视觉中国,0.4892,2.8565,0.1292,-0.7251,0.0,-0.3509,-0.7351
002087,新野纺织,0.6771,0.0955,0.7533,0.0402,0.0,-0.3509,0.4841
600210,紫江企业,-1.4939,-0.1211,-1.4524,-0.1152,0.0,-0.3509,2.6267
002078,太阳纸业,-1.3056,0.091,-1.1896,-0.2911,0.0,-0.3509,1.7874
002261,拓维信息,-1.2093,-0.3142,-1.1015,-0.2402,0.0,-0.3509,-0.2453
600641,万业企业,-1.003,-1.0853,-1.1771,-0.4519,0.0,-0.3509,-0.7351
600543,莫高股份,0.2941,-0.7393,-0.0124,-0.288,0.0,-0.3509,-0.7351
600380,健康元,-1.3009,-0.0876,-1.2276,-0.5036,0.0,1.5134,-0.7351
000860,顺鑫农业,-0.4804,-0.3546,-0.5843,-0.3384,0.0,-0.3509,2.6267
600593,大连圣亚,1.8916,0.1454,1.1675,-0.6307,0.0,-0.3509,-0.7351
000683,远兴能源,-1.8389,0.4602,-1.6875,0.5818,0.0,-0.3509,-0.7351
600109,国金证券,-1.5093,-0.752,-0.9145,0.0496,0.0,-0.3509,-0.7351
002036,联创电子,0.9101,-0.2272,0.3109,-0.6321,0.0,-0.3509,-0.3221
600088,中视传媒,-1.1064,-1.0334,-1.1398,-0.4304,0.0,-0.3509,0.011
600825,新华传媒,-1.0208,-1.2463,-1.0141,-0.259,0.0,-0.3509,0.164
600818,中路股份,-1.103,-1.0861,-1.1357,-0.6923,0.0,-0.3509,-0.7351
000962,东方钽业,0.4395,0.2293,0.841,0.1367,0.0,-0.3509,-0.438
600774,汉商集团,2.4404,-0.2264,1.7395,-0.5395,0.0,-0.3509,-0.7351
600581,八一钢铁,0.1648,-0.0555,-0.0028,-0.3517,0.0,-0.3509,2.5004
600175,美都能源,-0.6075,-0.2529,-0.6865,-0.4359,0.0,2.1712,-0.412
600122,宏图高科,-0.7401,-0.4137,-0.1808,-0.1061,0.0,-0.3509,-0.7351
000628,高新发展,-1.0905,-0.4267,-0.6781,-0.6269,0.0,-0.3509,-0.7351
600888,新疆众和,-0.904,0.4781,-0.5138,0.5458,0.0,-0.3509,-0.0816
600716,凤凰股份,-1.6777,-0.1464,-1.4265,-0.1738,0.0,-0.3509,-0.7351
600861,北京城乡,-0.0117,-0.3496,-0.3254,0.1135,0.0,-0.3509,1.25
002059,云南旅游,1.0902,-0.6513,0.4988,-0.3246,0.0,-0.3509,-0.7351
600562,国睿科技,0.0336,-0.5838,-0.3535,-0.5349,0.0,-0.3509,-0.7351
600165,新日恒力,2.3648,-0.5739,2.4623,-0.4711,0.0,-0.3509,-0.7351
600219,南山铝业,-0.4513,0.3993,-0.3869,2.251,0.0,-0.3509,2.4358
002260,德奥通航,0.0336,-0.8193,-0.3535,-0.5418,0.0,-0.3509,-0.7351
000978,桂林旅游,-0.6026,0.7071,0.2917,-0.1553,0.0,-0.3509,0.9741
600692,亚通股份,2.4404,-0.3167,1.7468,-0.5998,0.0,-0.3509,-0.7351
002020,京新药业,1.9423,-0.0582,2.4623,-0.0404,0.0,-0.3509,-0.7351
600379,宝光股份,-0.4865,-0.4637,-0.6612,-0.5832,0.0,0.9655,-0.7351
000585,东北电气,0.7853,-1.4649,0.0376,-0.6963,0.0,-0.3509,-0.7351
600307,酒钢宏兴,0.3321,0.1191,0.081,0.4904,0.0,-0.3509,0.7554
600186,莲花健康,2.201,-0.842,0.4828,-0.4506,0.0,-0.3509,-0.7351
600985,雷鸣科化,-1.3401,-0.0876,-0.7163,-0.233,0.0,2.7725,0.2929
601999,出版传媒,-0.8682,-0.9124,-0.9256,-0.2825,0.0,-0.3509,-0.2841
000626,远大控股,-1.3098,1.0663,-1.1653,-0.5754,0.0,-0.3509,-0.7351
000733,振华科技,1.4187,-0.3845,0.8187,-0.2461,0.0,3.3914,-0.7351
000561,烽火电子,0.0336,2.8565,-0.3535,-0.5457,0.0,-0.3509,-0.7351
000795,英洛华,0.1306,0.9876,0.2237,-0.5173,0.0,-0.3509,-0.7351
600981,汇鸿集团,-0.912,-0.3186,-1.0848,-0.3988,0.0,-0.3509,0.4282
600405,动力源,-1.0133,-0.4798,-0.9962,-0.4331,0.0,-0.3509,-0.0427
601958,金钼股份,-0.046,0.223,-0.4037,-0.1433,0.0,-0.3509,1.4069
600136,当代明诚,-1.8389,-0.9662,-1.6875,-0.6526,0.0,-0.3509,-0.7351
600876,洛阳玻璃,0.0336,-1.4649,-0.3535,-0.7575,0.0,-0.3509,-0.7351
600975,新五丰,-0.2141,0.1558,-0.3811,-0.3033,0.0,-0.3509,-0.7351
002180,纳思达,-0.6297,-0.4754,-0.7652,-0.6487,0.0,-0.3509,-0.0605
600693,东百集团,-1.3272,-0.4118,-1.0214,-0.3124,0.0,-0.3509,-0.7351
600466,蓝光发展,0.3459,-0.6393,0.0429,-0.6475,0.0,-0.3509,-0.7351
600838,上海九百,0.7702,-0.9841,0.4275,-0.5816,0.0,-0.3509,-0.7351
002092,中泰化学,-0.048,0.4921,0.7667,-0.2812,0.0,-0.3509,1.1899
600965,福成股份,2.3149,-0.7509,1.3354,-0.5623,0.0,-0.3509,-0.7351
000897,津滨发展,2.4404,-0.3423,1.4486,-0.4343,0.0,-0.3509,-0.0344
600277,亿利洁能,1.0735,0.3201,0.5775,-0.1529,0.0,3.3914,2.6267
000815,美利云,2.4404,-0.3669,0.975,-0.625,0.0,-0.3509,-0.7351
000929,兰州黄河,-0.685,-0.9491,-0.6664,-0.4597,0.0,-0.3509,-0.7351
600768,宁波富邦,1.2344,0.234,0.6201,-0.6823,0.0,-0.3509,-0.7351
600095,哈高科,0.0336,-0.9629,-0.3535,-0.4282,0.0,-0.3509,-0.7351
000564,供销大集,-0.6199,-0.1376,-0.0529,0.449,0.0,3.3914,0.2676
000993,闽东电力,-0.6237,0.7962,-0.7866,-0.1796,0.0,-0.3509,0.7841
600389,江山股份,0.0336,-0.459,-0.3535,-0.4869,0.0,-0.3509,-0.7351
000886,海南高速,0.6247,-0.0492,0.2362,-0.4057,0.0,-0.3509,1.859
000752,西藏发展,-0.4366,-0.4385,-0.5801,-0.5839,0.0,-0.3509,-0.6781
000610,西安旅游,0.0336,0.9529,-0.3535,-0.5545,0.0,-0.3509,-0.4578
600526,菲达环保,0.527,-0.639,0.0897,-0.3275,0.0,-0.3509,-0.7351
000672,上峰水泥,-1.6864,2.7416,-1.432,-0.7731,0.0,-0.3509,-0.7351
002190,成飞集成,-0.8953,1.7648,-0.0811,-0.5165,0.0,-0.3509,-0.7351
600599,熊猫金控,-0.3034,-0.2311,-0.4871,-0.6757,0.0,-0.3509,-0.7351
000782,美达股份,1.9862,-0.2023,1.4948,-0.3951,0.0,-0.3509,0.3025
000636,风华高科,0.1456,-0.5153,-0.1018,-0.5015,0.0,-0.3509,2.4153
002126,银轮股份,-1.18,0.2344,-0.6035,-0.341,0.0,-0.3509,-0.3032
000600,建投能源,0.467,-0.3732,-0.0031,-0.3627,0.0,-0.3509,0.1748
600346,恒力股份,1.5056,1.3104,1.5412,-0.6178,0.0,-0.3509,-0.5449
002270,华明装备,-1.2574,-1.2746,-1.3141,-0.4443,0.0,2.6699,1.2604
600962,国投中鲁,2.4404,-0.0096,1.6298,-0.3774,0.0,-0.3509,-0.7351
601099,太平洋,-1.7992,-1.4649,-1.6579,-0.4562,0.0,-0.3509,-0.7351
600369,西南证券,-1.7651,-1.4649,-1.2453,0.1383,0.0,3.3914,2.6267
600090,同济堂,1.1146,-0.4879,0.8693,-0.6138,0.0,-0.3509,-0.7351
000802,北京文化,1.3267,-0.8451,2.4579,-0.4531,0.0,-0.3509,-0.7351
002175,东方网络,0.9202,-0.0442,0.3577,-0.3869,0.0,-0.3509,-0.7351
000036,华联控股,-1.6898,-1.4649,-1.552,-0.6182,0.0,-0.3509,-0.7351
600050,中国联通,-0.3331,-0.053,-0.6177,-0.2794,0.0,-0.3509,-0.003
000925,众合科技,-1.6,-0.7914,-1.1849,-0.5042,0.0,2.0407,-0.7351
600393,粤泰股份,-0.9542,-1.4649,-1.0462,-0.3217,0.0,-0.3509,-0.7351
600222,太龙药业,-0.5517,-0.3949,-0.7225,-0.4814,0.0,-0.3509,-0.7351
000005,世纪星源,0.0336,0.6449,-0.3535,-0.6257,0.0,-0.3509,-0.7351
600667,太极实业,0.1801,2.8565,0.3738,-0.5824,0.0,-0.3509,0.3517
600190,锦州港,-0.3957,-0.0953,-0.5593,-0.179,0.0,-0.3509,0.82
600459,贵研铂业,1.0638,1.8321,1.0825,-0.5063,0.0,-0.3509,-0.4059
002099,海翔药业,-0.589,-0.471,-0.6214,-0.4001,0.0,-0.3509,-0.7351
600279,重庆港九,-0.0289,1.3796,0.6345,0.2037,0.0,-0.3509,-0.117
600213,亚星客车,0.0336,0.2562,-0.3535,-0.6845,0.0,-0.3509,-0.7351
600590,泰豪科技,-0.6789,-0.8245,-0.6759,-0.3427,0.0,-0.3509,0.0755
600300,维维股份,-1.1246,0.4028,-1.2202,-0.4404,0.0,-0.3509,0.3011
600052,浙江广厦,-1.8376,-1.4649,-1.6875,-0.2337,0.0,-0.3509,0.4043
600470,六国化工,-0.5246,0.3945,-0.0728,-0.0245,0.0,-0.3509,0.3545
000667,美好置业,-0.6918,0.3519,-0.8314,-0.2175,0.0,-0.3509,-0.7351
000721,西安饮食,-1.3487,-0.6288,-1.3366,-0.3775,0.0,3.3914,-0.7351
000007,全新好,0.0336,0.6844,-1.2569,-0.6993,0.0,-0.3509,-0.7351
600168,武汉控股,-0.5089,-1.2204,-0.6738,-0.3344,0.0,-0.3509,0.1542
600483,福能股份,0.2849,-0.376,-0.1452,-0.4602,0.0,-0.3509,-0.1452
002042,华孚时尚,-1.4517,0.1422,-0.8684,-0.5036,0.0,2.3453,0.7554
002019,亿帆医药,-0.1073,-0.0894,-1.008,-0.6704,0.0,-0.3509,-0.7351
600189,吉林森工,1.9165,-0.8741,1.1261,-0.2614,0.0,3.3914,0.908
600291,西水股份,-1.4269,-1.3853,-1.5981,-0.5613,0.0,-0.3509,-0.7351
600986,科达股份,-1.1918,0.4602,-1.2293,-0.5994,0.0,1.4485,-0.7351
000839,中信国安,-1.3153,-0.85,-1.3793,-0.3862,0.0,-0.3509,0.8607
000806,银河生物,-0.346,-0.9543,-0.9275,-0.6748,0.0,-0.3509,-0.7351
600135,乐凯胶片,2.4404,-0.1849,2.4623,-0.5483,0.0,-0.3509,-0.7351
600855,航天长峰,2.4404,0.8065,2.3893,-0.6202,0.0,-0.3509,-0.7351
600501,航天晨光,-0.5478,0.1863,-0.7036,-0.5537,0.0,2.1188,-0.7351
002254,泰和新材,-0.9945,-0.3797,-1.1175,-0.5058,0.0,-0.3509,2.6267
600701,工大高新,-0.7675,-0.558,-0.894,-0.6048,0.0,-0.3509,-0.7351
600310,桂东电力,-1.2132,1.131,0.2306,0.9821,0.0,-0.3509,2.3911
000933,神火股份,-1.732,0.9062,-1.253,-0.4495,0.0,-0.3509,0.6707
000728,国元证券,-0.9906,-1.4162,-1.1449,-0.2073,0.0,-0.3509,2.6267
600730,中国高科,-0.1278,-1.4649,-0.4302,-0.4571,0.0,-0.3509,-0.7351
000796,凯撒旅游,-0.8563,0.2587,-0.9551,-0.654,0.0,-0.3509,-0.7351
000586,汇源通信,0.9677,-0.6131,1.2221,-0.7198,0.0,-0.3509,-0.7351
600714,金瑞矿业,-1.4211,0.05,-1.2887,-0.6343,0.0,-0.3509,-0.7351
000584,哈工智能,0.5658,0.2508,0.1496,-0.5331,0.0,-0.3509,-0.7351
000408,藏格控股,0.0336,-1.4649,-0.3535,-0.7383,0.0,-0.3509,-0.7351
000554,泰山石油,1.6218,-0.4097,0.8779,-0.5817,0.0,-0.3509,-0.7351
000918,嘉凯城,-1.8389,-0.7976,-1.6875,-0.5221,0.0,-0.3509,0.6419
002149,西部材料,-0.3164,0.1439,-0.6105,-0.3628,0.0,-0.3509,1.0079
000903,云内动力,-1.0032,-0.9534,-1.133,0.1206,0.0,-0.3509,1.8801
600531,豫光金铅,-1.3652,0.3155,-1.01,-0.0009,0.0,-0.3509,-0.1304
000004,国农科技,-0.455,-0.0502,-0.5512,-0.7447,0.0,-0.3509,-0.7351
600360,华微电子,0.5873,-0.9205,0.1816,-0.5252,0.0,-0.3509,0.7977
600082,海泰发展,-0.8233,-0.8308,-1.0114,-0.3942,0.0,-0.3509,-0.7351
600273,嘉化能源,0.0336,-0.8889,-0.3535,-0.6118,0.0,-0.3509,0.9282
002198,嘉应制药,-0.9708,0.0131,-1.0148,-0.6953,0.0,-0.3509,-0.7351
600257,大湖股份,-0.4682,-0.3274,-0.5661,-0.6069,0.0,-0.3509,-0.7351
600226,瀚叶股份,-1.5385,-0.7455,-1.4757,-0.3583,0.0,-0.3509,1.5396
600367,红星发展,1.8765,0.0244,1.2251,-0.48,0.0,3.328,-0.7351
000760,斯太尔,0.0336,-0.8449,-0.3535,-0.6706,0.0,-0.3509,-0.7351
600241,时代万恒,-0.1541,-0.9391,-0.4376,-0.5468,0.0,2.4622,-0.7351
600802,福建水泥,0.0336,-0.3058,-0.3535,-0.4672,0.0,-0.3509,-0.7351
000976,华铁股份,0.0336,-1.1839,-0.3535,-0.6968,0.0,-0.3509,-0.7351
600826,兰生股份,2.4404,-1.031,1.6242,-0.497,0.0,-0.3509,-0.5341
600839,四川长虹,1.0383,-0.001,0.8599,-0.1565,0.0,-0.3509,-0.7351
600313,农发种业,0.0336,2.693,-0.3535,0.0003,0.0,-0.3509,-0.7351
000662,天夏智慧,2.4404,-0.3845,1.7603,-0.6672,0.0,-0.3509,-0.7351
600984,建设机械,0.0336,-0.2253,-0.3535,-0.5532,0.0,-0.3509,-0.7351
000638,万方发展,-1.8389,-1.4649,-1.6875,-0.6853,0.0,0.8831,-0.7351
600740,山西焦化,0.0336,0.3317,-0.3535,-0.6371,0.0,-0.3509,-0.7351
000523,广州浪奇,0.179,1.4704,0.6756,-0.5826,0.0,-0.3509,-0.7351
600137,浪莎股份,-1.3112,0.2682,-1.2332,-0.6263,0.0,1.5272,-0.7351
600391,航发科技,-1.34,-0.1717,-0.588,-0.5931,0.0,-0.3509,-0.7351
000692,惠天热电,-0.5744,-0.6865,-0.6531,-0.0315,0.0,-0.3509,-0.7351
002002,鸿达兴业,-1.0488,-0.6136,-1.4918,-0.7299,0.0,-0.3509,-0.7351
000055,方大集团,-1.1836,-0.1552,-0.8632,-0.6395,0.0,-0.3509,-0.7351
600287,江苏舜天,0.0921,-0.3404,-0.2778,-0.5722,0.0,-0.3509,-0.3078
000969,安泰科技,-1.2444,-0.5565,-1.0585,-0.4495,0.0,3.3914,0.239
600202,哈空调,-1.7107,-1.0506,-1.6875,-0.5648,0.0,-0.3509,-0.7351
000980,众泰汽车,-0.3198,-0.2084,-0.5399,-0.5342,0.0,2.7563,-0.7351
002072,凯瑞德,0.0336,0.0017,-0.3535,-0.7412,0.0,-0.3509,-0.7351
002182,云海金属,2.1964,0.6721,1.3475,-0.5266,0.0,-0.3509,-0.7351
000768,中航飞机,-0.5097,0.25,-0.5677,-0.5976,0.0,2.2043,-0.7351
002189,利达光电,2.4404,-0.0375,2.1639,-0.6881,0.0,-0.3509,-0.4063
600409,三友化工,0.5862,1.1664,0.93,-0.5903,0.0,-0.3509,-0.7351
600162,香江控股,-1.8389,-0.5275,-1.6875,-0.4156,0.0,-0.3509,-0.3012
002235,安妮股份,-1.5002,-0.7723,-1.5,-0.6497,0.0,-0.3509,-0.7351
002174,游族网络,-0.8357,1.2,-0.9615,-0.6934,0.0,0.7856,-0.272
002021,中捷资源,0.0336,0.9473,-0.3535,-0.481,0.0,3.391,-0.7351
002199,东晶电子,-1.4593,-0.6514,-0.9554,-0.6439,0.0,-0.3509,1.7912
002143,印纪传媒,0.441,0.0727,0.037,-0.6643,0.0,-0.3509,-0.7351
000686,东北证券,-1.8389,-1.4649,-1.6866,-0.1047,0.0,3.3914,0.6599
002246,北化股份,-0.6024,1.0044,-0.8526,-0.6191,0.0,-0.3509,2.6267
600448,华纺股份,0.0336,-0.1396,-0.3535,-0.5912,0.0,-0.3509,-0.7351
000548,湖南投资,-1.3418,-0.8133,-1.337,-0.4849,0.0,-0.3509,0.6256
600400,红豆股份,0.04,-0.161,-0.2846,-0.5617,0.0,-0.3509,0.1529
002194,武汉凡谷,-1.8389,-1.2822,-1.6875,-0.5517,0.0,-0.3509,2.6267
601866,中远海发,0.0336,-0.0346,-0.3535,-0.4207,0.0,-0.3509,-0.7351
600010,包钢股份,0.0336,-0.7502,-0.3535,-0.2812,0.0,-0.3509,-0.4925
600281,太化股份,0.0336,-0.2653,-0.3535,-0.5491,0.0,-0.3509,-0.7351
600283,钱江水利,-1.0845,-0.7454,-1.2469,-0.6293,0.0,-0.3509,1.504
600493,凤竹纺织,-0.6043,-0.54,-0.7516,-0.6267,0.0,-0.3509,-0.0424
600171,上海贝岭,0.0336,-0.4195,-0.3535,-0.6626,0.0,-0.3509,-0.5564
000420,吉林化纤,0.0007,-1.1524,-0.8705,-0.4765,0.0,-0.3509,-0.7351
600992,贵绳股份,-0.6908,-0.4433,-0.8663,-0.5226,0.0,-0.3509,0.1647
000010,美丽生态,-1.8389,-0.472,-1.6875,-0.7158,0.0,-0.3509,-0.7351
600512,腾达建设,-0.7796,-1.3979,-0.9819,-0.5722,0.0,-0.3509,0.0083
000503,海虹控股,1.8033,-1.4013,0.9725,-0.7498,0.0,-0.3509,-0.7351
600601,方正科技,-0.6678,-1.3911,-0.5409,-0.4267,0.0,-0.3509,-0.3073
600836,界龙实业,-0.6892,-0.867,-0.9088,-0.5912,0.0,-0.3509,-0.7351
600293,三峡新材,-0.5785,-0.29,-0.7189,-0.6205,0.0,-0.3509,-0.7351
002205,国统股份,-1.8389,-0.7203,-1.3052,-0.5233,0.0,-0.3509,-0.0115
600620,天宸股份,-0.8328,-1.4649,-0.8401,-0.686,0.0,-0.3509,-0.7351
002239,奥特佳,-1.1418,-0.8639,-1.2343,-0.3728,0.0,-0.3509,-0.4292
600727,鲁北化工,0.0336,0.7625,-0.3535,-0.5798,0.0,-0.3509,-0.7351
000882,华联股份,-0.902,0.333,-0.6767,-0.2708,0.0,-0.3509,0.6631
600429,三元股份,0.0336,-0.2011,-0.3535,-0.5876,0.0,-0.3509,-0.7351
600218,全柴动力,-1.1581,-0.4712,-1.1973,-0.4717,0.0,-0.3509,-0.7351
600503,华丽家族,-1.5286,2.8565,-1.1785,-0.6295,0.0,-0.3509,0.097
002132,恒星科技,-1.7271,-0.1763,-1.539,-0.5286,0.0,-0.3509,-0.7351
600711,盛屯矿业,0.0336,2.8565,-0.3535,-0.6089,0.0,-0.3509,-0.7351
600051,宁波联合,-1.5668,-0.9432,-1.4188,-0.4263,0.0,-0.3509,1.0919
000682,东方电子,0.1508,-0.1666,-0.2178,-0.5798,0.0,-0.3509,-0.7351
000975,银泰资源,0.1121,-0.7387,-0.2797,-0.71,0.0,-0.3509,-0.7351
002156,通富微电,-1.2364,-0.4679,-0.7772,-0.6124,0.0,-0.3509,-0.7351
000862,银星能源,-1.8389,-0.603,-1.6875,-0.6481,0.0,1.8658,-0.7351
000990,诚志股份,-0.4704,-0.5925,-0.7212,-0.6058,0.0,-0.3509,-0.0926
002079,苏州固锝,-1.4753,-0.245,-0.8992,-0.658,0.0,-0.3509,0.1142
600361,华联综超,-0.7668,-0.4057,-0.5149,-0.3055,0.0,-0.3509,2.1135
600821,津劝业,1.5571,-0.2804,0.864,-0.679,0.0,-0.3509,-0.7351
600235,民丰特纸,-1.7874,-0.7536,-1.6875,-0.488,0.0,-0.3509,0.9653
000519,中兵红箭,0.6201,-0.822,0.1082,-0.671,0.0,1.5176,-0.7351
600868,梅雁吉祥,0.0336,-0.5512,-0.3535,-0.6264,0.0,-0.3509,-0.7351
600449,宁夏建材,-1.8389,0.0829,-1.6875,-0.4492,0.0,-0.3509,-0.7351
000488,晨鸣纸业,-1.4004,-0.4103,-1.4109,-0.5851,0.0,-0.3509,2.6267
600078,澄星股份,-0.974,-0.8117,-1.027,-0.5424,0.0,-0.3509,-0.6041
002192,融捷股份,-1.655,1.264,-1.5801,-0.7386,0.0,-0.3509,-0.409
002256,兆新股份,-1.7328,-0.2223,-1.6415,-0.654,0.0,-0.3509,-0.7351
000401,冀东水泥,-1.8389,0.4614,-1.6292,-0.4895,0.0,-0.3509,-0.7351
000510,金路集团,1.7554,-0.9616,0.8661,-0.6642,0.0,-0.3509,-0.7351
000833,贵糖股份,-1.0192,-0.8638,-1.0145,-0.5554,0.0,-0.3509,0.741
002259,升达林业,-0.7358,-0.3069,-0.5283,-0.6689,0.0,-0.3509,0.2494
600753,东方银星,-0.8279,2.8565,-1.0739,-0.7625,0.0,-0.3509,-0.7351
000939,凯迪生态,-1.8389,-0.4261,-1.6375,-0.5267,0.0,-0.3509,0.0704
002107,沃华医药,-1.6323,-0.5598,-1.6875,-0.643,0.0,-0.3509,-0.7351
600883,博闻科技,-1.2557,-1.1438,-1.1108,-0.6427,0.0,-0.3509,0.1275
600605,汇通能源,-1.4991,-0.2582,-1.3476,-0.682,0.0,-0.3509,-0.7351
000599,青岛双星,-1.8389,-0.3088,-1.6875,-0.5767,0.0,-0.3509,-0.7351
000756,新华制药,-1.5067,-0.4741,-1.4932,-0.6532,0.0,2.4121,0.3419
000068,华控赛格,0.0336,-1.4649,-0.3535,-0.7731,0.0,-0.3509,-0.7351
000518,四环生物,-0.9606,-0.378,-1.0752,-0.728,0.0,-0.3509,-0.7351
600629,华建集团,-1.8389,-0.5873,-1.6875,-0.7103,0.0,-0.3509,-0.7351
600408,安泰集团,0.0336,-0.3331,-0.3535,-0.4775,0.0,-0.3509,-0.7351
000951,中国重汽,-1.8389,-0.9615,-1.6875,-0.5765,0.0,-0.3509,1.5294
600311,荣华实业,0.0336,0.0744,-0.3535,-0.6553,0.0,-0.3509,-0.7351
600399,抚顺特钢,-0.3415,-0.6182,-0.5997,-0.557,0.0,-0.3509,-0.7351
002202,金风科技,-1.8389,-0.7976,-1.6875,-0.6742,0.0,-0.3509,2.6267
000851,高鸿股份,-0.4025,0.7752,0.0751,-0.5223,0.0,3.3914,-0.7351
000592,平潭发展,-1.8389,0.5992,-1.5935,-0.7197,0.0,-0.3509,-0.7351
000670,盈方微,-0.4867,-0.9971,-0.7341,-0.723,0.0,-0.3509,-0.7351
600231,凌钢股份,-1.8389,-0.3403,-1.6875,-0.4781,0.0,3.3914,0.2383
000632,三木集团,-1.266,0.2357,-0.7139,-0.6163,0.0,-0.3509,-0.7351
600133,东湖高新,-1.8093,2.8565,-1.5442,-0.6813,0.0,-0.3509,-0.7351
000096,广聚能源,-1.7097,-0.818,-1.6344,-0.681,0.0,-0.3509,-0.7351
002064,华峰氨纶,-1.8118,-0.261,-1.6658,-0.6535,0.0,-0.3509,1.3525
600148,长春一东,0.0336,-0.1858,-0.3535,-0.7464,0.0,-0.3509,-0.7351
600713,南京医药,-1.8389,-0.4669,-1.4865,-0.6733,0.0,-0.3509,-0.1641
600460,士兰微,-1.8389,-0.3099,-1.475,-0.7327,0.0,-0.3509,-0.0193
000633,合金投资,-0.532,-1.4234,-0.7744,-0.7425,0.0,-0.3509,-0.7351
000712,锦龙股份,-1.8389,-1.4649,-1.6875,-0.6451,0.0,-0.3509,-0.7351
002141,贤丰控股,-0.0021,0.1236,-0.3204,-0.6852,0.0,-0.3509,-0.2928
000504,南华生物,0.0336,-1.4649,-0.3535,-0.7731,0.0,-0.3509,-0.7351
600084,中葡股份,0.0336,0.1381,-0.3535,-0.7322,0.0,-0.3509,-0.7351
600127,金健米业,0.6283,-0.5856,-0.0232,-0.7039,0.0,-0.3509,-0.7351
002145,中核钛白,0.0336,1.347,-0.3535,-0.7212,0.0,-0.3509,-0.7351
600227,赤天化,-1.7625,1.3396,-1.4292,-0.5997,0.0,-0.3509,-0.7351
600770,综艺股份,-1.066,-0.9253,-0.3673,-0.6493,0.0,-0.3509,-0.7351
600071,凤凰光学,-1.8389,-0.2472,-1.6875,-0.7158,0.0,-0.3509,-0.7351
000695,滨海能源,0.0336,-0.3613,-0.3535,-0.7412,0.0,-0.3509,-0.7351
000837,秦川机床,-1.8389,-0.811,-1.6875,-0.6209,0.0,3.3914,0.3379
600308,华泰股份,-1.8389,-0.0259,-1.6875,-0.5569,0.0,-0.3509,-0.5359
000927,一汽夏利,-1.6383,-1.0893,-1.595,-0.6362,0.0,-0.3509,-0.2164
000678,襄阳轴承,-1.1738,0.0013,-1.1977,-0.6923,0.0,-0.3509,-0.7351
000818,方大化工,0.0336,0.8676,-0.3535,-0.6998,0.0,-0.3509,-0.7351
000923,河北宣工,-1.0671,-1.3458,-1.1089,-0.735,0.0,-0.3509,-0.7351
000597,东北制药,-1.8389,-1.3021,-1.6875,-0.6631,0.0,-0.3509,-0.7351
600069,银鸽投资,-1.0661,-0.2558,-1.2492,-0.7004,0.0,-0.3509,-0.7351
600061,国投资本,0.1116,0.9276,-0.2138,-0.7511,0.0,-0.3509,-0.7351
600255,梦舟股份,-0.8638,-0.2887,-1.0174,-0.6018,0.0,-0.3509,0.1433
000155,川化股份,-1.6434,-0.9776,-1.6875,-0.6666,0.0,-0.3509,-0.7351
000702,正虹科技,-1.0837,-0.6049,-1.1141,-0.7282,0.0,1.9659,-0.7351
600615,丰华股份,-0.6053,-1.4649,-0.5432,-0.7249,0.0,-0.3509,-0.7351
000627,天茂集团,-1.4441,-1.2093,-1.4833,-0.7376,0.0,-0.3509,-0.7351
000691,亚太实业,-1.7105,-0.8828,-1.6236,-0.7731,0.0,-0.3509,-0.7351
600242,中昌数据,0.0336,2.8565,-1.2109,-0.7553,0.0,-0.3509,-0.7351
600333,长春燃气,-1.8389,-0.7882,-1.6875,-0.6892,0.0,-0.3509,0.963
601872,招商轮船,-1.5546,-0.1454,-1.4085,-0.6403,0.0,-0.3509,0.6187
600355,精伦电子,0.0336,-0.093,-0.3535,-0.7375,0.0,-0.3509,-0.7351
600249,两面针,0.3714,0.0641,-0.5211,-0.6253,0.0,-0.3509,-0.7351
000810,创维数字,-1.8374,-0.5356,-1.6755,-0.6436,0.0,-0.3509,1.7009
600232,金鹰股份,-0.0872,-0.3319,-0.4758,-0.6838,0.0,-0.3509,1.2409
600156,华升股份,-0.3198,-0.8304,-0.6192,-0.7159,0.0,-0.3509,-0.7351
000615,京汉股份,-1.8389,-0.6196,-1.6875,-0.719,0.0,-0.3509,-0.7351
000960,锡业股份,-1.8389,0.6192,-1.4292,-0.6862,0.0,-0.3509,-0.1687
601001,大同煤业,-1.8389,0.1707,-1.6875,-0.5874,0.0,-0.3509,1.1378
600854,春兰股份,0.0336,-1.0506,-0.4866,-0.6575,0.0,-0.3509,-0.7351
002147,新光圆成,-1.8389,-0.5719,-1.6875,-0.7315,0.0,-0.3509,1.5034
000766,通化金马,-1.8389,-1.3015,-1.6875,-0.7505,0.0,-0.3509,-0.7351
000711,京蓝科技,1.4893,-0.7377,0.8448,-0.7505,0.0,-0.3509,-0.5576
002167,东方锆业,-1.8389,0.4384,-1.3491,-0.708,0.0,-0.3509,-0.7351
002066,瑞泰科技,-1.8389,1.2374,-1.6875,-0.7137,0.0,-0.3509,0.6378
000955,欣龙控股,-0.773,-0.5524,0.1291,-0.7281,0.0,-0.3509,-0.7351
600387,海越股份,-1.8389,0.4614,-1.6875,-0.7389,0.0,-0.3509,-0.7351
002067,景兴纸业,-1.3042,-0.0706,-1.0093,-0.7242,0.0,-0.3509,0.5555
000948,南天信息,-1.8389,-0.8698,-1.6875,-0.685,0.0,-0.3509,1.0264
000687,华讯方舟,-1.8389,-0.7212,-1.6875,-0.7438,0.0,1.5933,-0.7351
000158,常山北明,-1.7821,-0.0482,-1.6875,-0.698,0.0,-0.3509,-0.1745
000761,本钢板材,0.0336,-0.5109,-0.3535,-0.6694,0.0,-0.3509,1.8479
000935,四川双马,-1.8389,0.8851,-1.6875,-0.7561,0.0,-0.3509,-0.7351
600812,华北制药,0.0336,0.6238,-0.3535,-0.6509,0.0,-0.3509,-0.7351
000707,双环科技,0.93,-0.1331,0.5003,-0.6631,0.0,-0.3509,0.0203
600584,长电科技,-1.2379,0.2258,-1.0454,-0.7572,0.0,-0.3509,0.5619
600390,五矿资本,0.0336,-1.0881,-0.3535,-0.7474,0.0,-0.3509,-0.7351
600539,狮头股份,2.4404,-1.4649,0.9391,-0.7548,0.0,-0.3509,-0.7351
600719,大连热电,-1.5515,-0.7749,-1.581,-0.7214,0.0,-0.3509,-0.5113
000551,创元科技,-1.8389,-0.6297,-1.6875,-0.7356,0.0,-0.3509,-0.7351
002083,孚日股份,-1.8389,-0.3364,-1.6875,-0.7274,0.0,-0.3509,-0.7351
002218,拓日新能,-1.8389,0.6494,-1.6875,-0.7109,0.0,-0.3509,-0.2967
600006,东风汽车,-1.8389,-0.5328,-1.6875,-0.7196,0.0,-0.3509,2.6267
000878,云南铜业,-1.8389,0.8401,-1.6875,-0.728,0.0,-0.3509,-0.7351
000807,云铝股份,-1.264,0.4089,-1.3472,-0.7418,0.0,-0.3509,-0.3139
000710,贝瑞基因,-1.8389,-1.2071,-1.6875,-0.7731,0.0,-0.3509,-0.7351
000150,宜华健康,-1.8389,-1.4649,-1.6875,-0.7628,0.0,-0.3509,-0.7351
600026,中远海能,-1.8389,-0.5134,-1.6875,-0.6755,0.0,-0.3509,2.6267
600191,华资实业,-1.8389,-0.0275,-1.6875,-0.7377,0.0,-0.3509,-0.7351
000606,神州易桥,0.0336,-1.4649,-0.3535,-0.7355,0.0,-0.3509,-0.7351
002193,如意集团,-1.8389,-0.0324,-1.6875,-0.7553,0.0,-0.3509,0.075
002184,海得控制,-1.8389,-0.728,-1.6875,-0.747,0.0,-0.3509,0.1127
600184,光电股份,-1.8389,1.6788,-1.2912,-0.7553,0.0,-0.3509,-0.7351
600428,中远海特,-1.8389,-0.0555,-1.6875,-0.7205,0.0,-0.3509,0.2231
000059,华锦股份,-1.8389,2.8565,-1.6875,-0.7143,0.0,-0.3509,0.5872
600110,诺德股份,-0.6358,0.4916,-0.5106,-0.7731,0.0,1.492,-0.7351
000668,荣丰控股,-1.8389,-1.4649,-1.6875,-0.753,0.0,-0.3509,0.1038
600685,中船防务,-1.8389,-0.9144,-1.6875,-0.7501,0.0,-0.3509,-0.1611
600209,罗顿发展,0.0336,0.2347,-0.3535,-0.7731,0.0,-0.3509,-0.7351
600966,博汇纸业,-1.8389,-0.0726,-1.6875,-0.7241,0.0,-0.3509,0.2513
600321,正源股份,-1.8389,-1.2313,-1.6875,-0.7731,0.0,3.3914,-0.7351
002211,宏达新材,-1.8389,-0.4113,-1.6875,-0.7304,0.0,-0.3509,-0.7351
600456,宝钛股份,-1.0727,-0.8686,-1.2127,-0.7592,0.0,-0.3509,-0.1887
600150,中国船舶,-1.8389,-0.9442,-1.6875,-0.7482,0.0,-0.3509,0.4992
600099,林海股份,-1.5075,-0.875,-1.5225,-0.7731,0.0,-0.3509,0.0539
000018,神州长城,0.0336,-1.4649,-0.3535,-0.7731,0.0,-0.3509,-0.7351
000985,大庆华科,0.0336,-0.3556,-0.3535,-0.7889,0.0,1.39,0.2151
000612,焦作万方,0.0336,-0.584,-0.3535,-0.8806,0.0,-0.3509,-0.7351
600328,兰太实业,0.0336,-0.1965,-0.3535,-0.8568,0.0,-0.3509,-0.5533
000829,天音控股,0.0336,0.2244,-0.3535,-0.8407,0.0,-0.3509,-0.7351
002200,云投生态,-1.8389,-1.4248,-1.6875,-0.8506,0.0,-0.3509,-0.7351
002217,合力泰,0.0336,0.3995,-0.3535,-0.8708,0.0,-0.3509,0.1295
600792,云煤能源,0.0336,2.6451,-1.6875,-1.5017,0.0,-0.3509,-0.7351
600506,香梨股份,0.0336,0.9329,-0.3535,-0.8492,0.0,-0.3509,-0.7351
600520,文一科技,-1.8389,0.1498,-1.6875,-0.8357,0.0,-0.3509,-0.7351
002129,中环股份,-0.9499,2.2538,-0.3303,-1.1608,0.0,-0.3509,-0.5281
002188,巴士在线,0.0336,-1.2287,-0.3535,-0.9109,0.0,-0.3509,-0.7351
600178,东安动力,0.0336,-1.4649,-0.3535,-1.451,0.0,-0.3509,-0.7351
000813,德展健康,-1.2627,-0.8296,-1.3505,-0.9145,0.0,-0.3509,-0.7351
600598,北大荒,0.0336,0.4373,-0.3535,-1.0612,0.0,1.9914,1.442
600326,西藏天路,0.0336,-0.102,-0.3535,-1.0152,0.0,-0.3509,-0.7351
000617,中油资本,0.0336,-0.8876,-0.3535,-0.9743,0.0,-0.3509,-0.4109
600963,岳阳林纸,0.0336,0.5064,-0.3535,-1.7586,0.0,-0.3509,-0.1316
600075,新疆天业,0.0336,-0.5155,-0.3535,-1.3911,0.0,-0.3509,-0.7351
000779,三毛派神,0.0336,-0.652,-0.3535,-0.9247,0.0,-0.3509,-0.7351
600871,石化油服,0.0336,-0.4677,-0.3535,-1.7306,0.0,3.3914,-0.1892
600302,标准股份,0.0336,-0.2804,-0.3535,-1.5495,0.0,-0.3509,-0.7351
600869,智慧能源,0.0336,2.8565,-0.3535,-1.535,0.0,-0.3509,-0.7351
600890,中房股份,0.0336,-1.4649,-0.3535,-0.8541,0.0,-0.3509,-0.7351
600760,中航沈飞,0.0336,0.4508,-0.3535,-0.8719,0.0,-0.3509,-0.7351
002164,宁波东力,0.0336,-0.6467,-0.3535,-1.2062,0.0,-0.3509,1.3174
000698,沈阳化工,0.0336,0.6224,-0.3535,-1.7586,0.0,-0.3509,-0.7351
600159,大龙地产,0.0336,-1.4649,-0.3535,-1.66,0.0,-0.3509,-0.7351
600212,江泉实业,0.0336,-0.7479,-0.3535,-1.138,0.0,-0.3509,-0.7351
600072,中船科技,0.0336,-1.3871,-0.3535,-1.1708,0.0,-0.3509,-0.7351
600478,科力远,0.0336,-0.5568,-0.3535,-1.6488,0.0,-0.3509,-0.7351
000502,绿景控股,0.0336,-1.4649,-0.3535,-0.941,0.0,-0.3509,-0.7351
002274,华昌化工,-0.2834,0.0327,-0.5665,-1.7586,0.0,-0.3509,-0.7351
002234,民和股份,-0.2293,-0.0264,0.3765,-1.5368,0.0,-0.3509,-0.4102
600169,太原重工,0.0336,-0.6409,-0.3535,-1.7586,0.0,-0.3509,-0.2387
600777,新潮能源,0.0336,-1.1876,-0.3535,-1.7586,0.0,-0.3509,-0.7351
600798,宁波海运,0.0336,-0.6675,-0.3535,-1.6306,0.0,-0.3509,0.6582
600282,南钢股份,0.0336,-0.3493,-0.3535,-1.5961,0.0,-0.3509,2.6267
600063,皖维高新,0.0336,0.0644,-0.3535,-1.5844,0.0,-0.3509,0.1483
600243,青海华鼎,0.0336,-0.5932,-0.3535,-1.6503,0.0,-0.3509,-0.7351
000723,美锦能源,2.4404,-0.3511,2.2722,-1.7586,0.0,-0.3509,-0.7351
600566,济川药业,0.0336,-1.376,-0.3535,-0.9568,0.0,-0.3509,-0.5837
600573,惠泉啤酒,0.0336,-1.4649,-0.3535,-1.7586,0.0,-0.3509,0.4558
600305,恒顺醋业,0.0336,-0.9201,-0.3535,-1.5385,0.0,-0.3509,0.0635
600320,振华重工,0.0336,-1.4649,-0.3535,-1.7586,0.0,-0.3509,-0.7351
000567,海德股份,0.0336,-1.4649,-0.3535,-0.8838,0.0,-0.3509,-0.7351
000762,西藏矿业,0.0336,0.0869,-0.3535,-1.3247,0.0,-0.3509,-0.2632
002240,威华股份,1.3981,0.3061,0.6136,-1.2935,0.0,-0.3509,-0.7351
002057,中钢天源,0.0336,-0.9046,-0.3535,-1.7071,0.0,3.1619,-0.7351
000821,京山轻机,0.0336,-0.406,-0.3535,-1.4227,0.0,2.1846,0.0983
002110,三钢闽光,0.0336,-0.3662,-0.3535,-1.2666,0.0,-0.3509,-0.4039
000611,天首发展,0.0336,-1.4649,-0.3535,-1.3596,0.0,-0.3509,-0.7351
600980,北矿科技,-0.8584,-0.4779,-1.1466,-1.0788,0.0,-0.3509,-0.7351
000835,长城动漫,0.0336,-0.4968,-0.3535,-1.1856,0.0,1.2292,-0.7351
000949,新乡化纤,0.0336,-0.3091,-0.3535,-1.7586,0.0,-0.3509,0.7574
002056,横店东磁,0.0336,0.5084,-0.3535,-1.7586,0.0,3.3914,-0.2253
000066,中国长城,0.0336,1.6009,-0.3535,-1.5637,0.0,-0.3509,0.5455
600789,鲁抗医药,0.0336,-0.6145,-0.3535,-1.6261,0.0,-0.3509,-0.7351
000898,鞍钢股份,0.0336,-0.716,-0.3535,-1.7586,0.0,3.3914,2.6267
600586,金晶科技,0.0336,-0.459,-0.3535,-1.7586,0.0,-0.3509,-0.7351
002169,智光电气,0.0336,-1.046,-0.3535,-1.7586,0.0,-0.3509,-0.7351
002171,楚江新材,0.0336,-0.2094,-0.3535,-1.5177,0.0,-0.3509,-0.7351
002163,中航三鑫,0.0336,0.3102,-0.3535,-1.417,0.0,-0.3509,0.5115
000652,泰达股份,0.0336,-0.4442,-0.3535,-1.6327,0.0,-0.3509,1.7429
000800,一汽轿车,0.0336,-1.147,-0.3535,-1.7586,0.0,-0.3509,2.6267
600746,江苏索普,0.0336,-0.8475,-0.3535,-1.2635,0.0,-0.3509,-0.7351
600416,湘电股份,0.0336,-0.7892,-0.3535,-1.7419,0.0,-0.3509,-0.7351
600485,信威集团,0.0336,-0.7954,-0.3535,-1.4685,0.0,-0.3509,-0.7351
600096,云天化,0.0336,-0.0265,-0.3535,-1.7586,0.0,-0.3509,0.7851
002265,西仪股份,0.0336,-1.268,-0.3535,-1.1713,0.0,-0.3509,-0.5563
000727,华东科技,0.0336,-0.2364,-0.3535,-1.7586,0.0,3.3914,-0.7351
600555,海航创新,0.0336,2.8565,-0.3535,-1.7586,0.0,-0.3509,-0.7351
002160,常铝股份,0.0336,-0.1315,-0.3535,-1.6882,0.0,2.0489,-0.7351
600358,国旅联合,0.0336,-1.1965,-0.3535,-1.3976,0.0,-0.3509,-0.7351
000407,胜利股份,0.0336,-0.1954,-0.3535,-1.6493,0.0,-0.3509,0.3725
000968,蓝焰控股,0.0336,-0.8517,-0.3535,-1.7586,0.0,-0.3509,-0.7351
600689,上海三毛,0.0336,0.3333,-0.3535,-1.421,0.0,1.1222,-0.7351
600576,祥源文化,0.0336,-1.4649,-0.3535,-1.7586,0.0,-0.3509,-0.7351
000037,深南电A,0.0336,-1.4633,-0.3535,-1.7586,0.0,-0.3509,-0.7351
000063,中兴通讯,0.0336,-0.3202,-0.3535,-1.4736,0.0,1.2509,1.0376
000952,广济药业,0.0336,-1.0828,-0.3535,-1.5988,0.0,-0.3509,-0.7351
600661,新南洋,0.0336,-0.4119,-0.3535,-1.1357,0.0,0.4604,-0.2409
600810,神马股份,0.0336,1.0451,-0.3535,-1.7586,0.0,-0.3509,0.0183
002045,国光电器,0.0336,0.0887,-0.3535,-1.5095,0.0,-0.3509,1.0914
600477,杭萧钢构,0.0336,-0.7752,-0.3535,-1.6329,0.0,-0.3509,-0.205
002125,湘潭电化,0.0336,-0.5017,-0.3535,-1.7586,0.0,-0.3509,-0.7351
600726,华电能源,-0.1889,0.0848,-0.8013,-1.7586,0.0,3.3914,-0.7351
000822,山东海化,-0.284,-1.038,-0.6379,-1.7586,0.0,-0.3509,-0.7351
600808,马钢股份,0.0336,-0.2731,-0.3535,-1.7586,0.0,-0.3509,1.6936
600330,天通股份,-0.3433,-0.3124,-0.7131,-1.7586,0.0,-0.3509,-0.7351
000657,中钨高新,2.4404,0.3519,1.6887,-1.3556,0.0,-0.3509,-0.7351
002071,长城影视,0.0336,-0.3706,-0.3535,-1.744,0.0,1.2485,-0.1115
002127,南极电商,0.0336,0.9602,-0.3535,-1.7578,0.0,-0.3509,0.259
601600,中国铝业,1.0698,0.4816,0.2669,-1.7586,0.0,-0.3509,-0.5388
002006,精功科技,0.0336,-0.6574,-0.3535,-1.7586,0.0,-0.3509,-0.7351
600152,维科精华,0.0336,-0.3904,-0.3535,-1.7586,0.0,-0.3509,0.2223
600339,中油工程,0.0336,1.6431,-0.3535,-1.7586,0.0,-0.3509,1.7134
600206,有研新材,2.4394,-1.1151,1.2367,-1.7586,0.0,-0.3509,-0.7351
000902,新洋丰,0.0595,-0.9388,-0.4462,-1.3011,0.0,-0.3509,-0.7351
600896,览海投资,0.0336,-0.5727,-0.3535,-1.7586,0.0,-0.3509,-0.1834
000928,中钢国际,0.0336,-0.7613,-0.3535,-1.7586,0.0,-0.3509,-0.7351
000875,吉电股份,0.0336,0.5082,-0.3535,-1.7586,0.0,-0.3509,-0.7351
600103,青山纸业,1.1191,-0.4447,0.1506,-1.7586,0.0,-0.3509,-0.7351
600229,城市传媒,0.4866,-0.646,-0.2198,-1.7586,0.0,-0.3509,-0.7351
600129,太极集团,0.0336,-0.5138,-0.3535,-1.7103,0.0,-0.3509,-0.7351
600151,航天机电,0.0336,-0.6306,-0.3535,-1.7586,0.0,-0.3509,-0.4096
600734,实达集团,0.0336,-1.4649,-0.3535,-1.1329,0.0,-0.3509,-0.7351
600306,商业城,0.0336,-0.8386,-0.3535,-1.7586,0.0,-0.3509,-0.7351
600083,博信股份,-0.8918,-0.8828,-0.8382,-0.8217,0.0,-0.3509,-0.7351
600550,保变电气,0.0336,-1.4649,-0.3535,-1.7586,0.0,-0.3509,1.6277
000911,南宁糖业,0.0336,-0.9841,-0.3535,-1.7586,0.0,-0.3509,2.6267
600022,山东钢铁,0.0336,1.1374,-0.3535,-1.7586,0.0,-0.3509,-0.7351
600610,中毅达,0.0336,-0.6351,-0.3535,-1.4337,0.0,-0.3509,-0.7351
600419,天润乳业,0.8474,-1.4649,0.0328,-1.0987,0.0,-0.3509,-0.7351
600737,中粮糖业,0.0336,-0.4168,-0.3535,-1.7586,0.0,-0.3509,-0.7351
002162,悦心健康,0.0336,-1.0371,-0.3535,-1.7586,0.0,-0.3509,-0.0369
600569,安阳钢铁,0.0336,-1.023,-0.3535,-1.7586,0.0,-0.3509,0.1679
000505,珠江控股,0.0336,-1.3862,-0.3535,-1.7586,0.0,-0.3509,-0.7351
600299,安迪苏,2.4404,-0.6285,2.2088,-1.7586,0.0,-0.3509,-0.7351
600537,亿晶光电,0.0336,2.5375,-0.3535,-1.7586,0.0,-0.3509,-0.7351
600822,上海物贸,0.0336,0.436,-0.3535,-1.7586,0.0,-0.3509,-0.7351
600331,宏达股份,0.0336,-0.7086,-0.3535,-1.7586,0.0,-0.3509,-0.7351
000717,韶钢松山,0.0336,-0.2631,-0.3535,-1.7586,0.0,-0.3509,-0.7351
600961,株冶集团,0.0336,-0.8247,-0.3535,-1.7586,0.0,-0.3509,-0.7351
000676,智度股份,1.6127,-1.4649,-0.0165,-1.7586,0.0,-0.3509,-0.7351
600707,彩虹股份,-0.131,-1.4649,0.6514,-1.7586,0.0,-0.3509,-0.7351
600220,江苏阳光,0.0336,-0.7398,-0.3535,-1.7586,0.0,-0.3509,-0.7351
600671,天目药业,2.2121,-0.9906,0.254,-1.7306,0.0,-0.3509,-0.7351
600319,亚星化学,2.4404,-0.8904,1.5002,-1.7586,0.0,-0.3509,-0.7351
600538,国发股份,2.4404,0.607,-0.6041,-1.7586,0.0,-0.3509,-0.7351
000908,景峰医药,0.0336,-1.4649,-1.4337,-1.7586,0.0,-0.3509,-0.7351
000958,东方能源,0.0336,-1.2549,-1.6875,-1.7586,0.0,-0.3509,-0.7351
600603,广汇物流,0.0336,2.8565,1.9328,-0.3674,0.0,-0.3509,-0.7351
000751,锌业股份,0.0336,-1.0223,-0.3535,-1.7586,0.0,-0.3509,-0.7351
000030,富奥股份,0.0336,-1.4649,-0.3535,-0.8105,0.0,-0.3509,-0.7351
600769,祥龙电业,0.0336,-1.4649,1.2271,-1.7586,0.0,-0.3509,-0.7351
000509,华塑控股,0.0336,-1.4649,0.3984,-1.7586,0.0,-0.3509,-0.7351
600155,宝硕股份,0.0336,-1.4649,-1.0087,-1.6613,0.0,-0.3509,-0.7351
000056,皇庭国际,0.0336,1.625,0.769,-0.5878,0.0,-0.3509,-0.7351
000555,神州信息,0.0336,2.8565,-0.3116,-1.0035,0.0,-0.3509,-0.7351
600579,天华院,0.0336,-1.4649,-0.8504,-0.6629,0.0,-0.3509,-0.7351
600617,国新能源,0.0336,-1.4649,-1.6875,-1.013,0.0,-0.3509,-0.7351
000688,建新矿业,0.0336,-0.8828,1.0915,-0.9135,0.0,-0.3509,-0.7351
600385,山东金泰,0.0336,-0.9826,-0.3535,-1.0061,0.0,-0.3509,-0.7351
