code,name,roe_rate,bi_rate,ne_rate,eps_rate,epcf_rate,bvps_rate,interest_rate
000017,深中华A,0.2681,-0.8659,2.5053,2.3411,-0.2403,-0.2883,-0.8262
000035,中国天楹,0.2681,2.8044,2.5053,2.3411,-0.2403,-0.2883,-0.8262
600769,祥龙电业,2.2997,-1.4754,2.5053,2.3411,-0.2403,-0.2883,-0.8262
600603,广汇物流,0.2681,-0.7014,-0.1784,2.116,-0.2403,-0.2883,-0.8262
000504,南华生物,2.2997,-1.4754,0.7248,-0.8355,-0.2403,-0.2883,-0.8262
000751,锌业股份,0.2681,-1.4754,-0.1784,2.3411,-0.2403,-0.2883,-0.8262
000056,皇庭国际,0.2681,0.5501,-0.1784,2.3411,-0.2403,-0.2883,-0.8262
600444,国机通用,2.2997,-0.3869,-0.3036,-0.8001,-0.2403,-0.2883,-0.8262
000958,东方能源,0.2681,-1.4754,2.5053,2.3411,-0.2403,-0.2883,-0.8262
600338,西藏珠峰,0.2681,0.0544,-0.1784,-0.775,-0.2403,-0.2883,-0.8262
000908,景峰医药,2.2997,-1.1293,-0.0517,-0.8324,-0.2403,-0.2883,-0.8262
000757,浩物股份,0.2681,-1.3687,-0.1784,-0.192,-0.2403,-0.2883,-0.8262
600892,大晟文化,0.2681,1.4792,-0.1784,-0.7645,-0.2403,-0.2883,-0.8262
000921,海信科龙,-0.7963,-0.1253,0.7127,0.9982,-0.2403,-0.2883,-0.8262
600280,中央商场,2.2997,0.0161,2.5053,2.3411,-0.2403,-0.2883,-0.3815
600340,华夏幸福,2.2997,2.8044,2.5053,0.7024,-0.2403,-0.2883,-0.2949
000049,德赛电池,0.4413,1.8356,1.1514,0.4559,-0.2403,-0.2883,0.4322
600076,康欣新材,0.2681,-0.0892,-0.1784,-0.241,-0.2403,-0.2883,-0.8262
600566,济川药业,2.2997,2.8044,2.5053,-0.3728,-0.2403,-0.2883,-0.6972
002016,世荣兆业,2.2352,-0.1594,2.3506,1.422,-0.2403,-0.2883,-0.8262
000848,承德露露,0.7471,-0.0274,0.5504,1.6928,-0.2403,-0.2883,1.3211
600816,安信信托,0.4533,-1.4754,1.2179,0.6225,-0.2403,-0.2883,-0.8262
001896,豫能控股,2.2997,-1.0177,2.5053,1.8222,-0.2403,-0.2883,-0.8262
000540,中天金融,0.2484,0.9138,0.6033,2.3411,-0.2403,-0.2883,0.9865
000651,格力电器,0.2368,0.5892,0.9663,1.187,-0.2403,-0.2883,1.1434
600250,南纺股份,2.2997,-1.1743,2.4949,0.2742,-0.2403,-0.2883,-0.8262
600309,万华化学,0.5317,0.7826,0.563,0.2622,-0.2403,-0.2883,-0.8262
601877,正泰电器,1.2923,0.5044,0.8919,1.0842,-0.2403,-0.2883,0.6087
000688,建新矿业,0.2681,-0.7014,-0.1784,-0.1435,-0.2403,-0.2883,-0.8262
600894,广日股份,0.2681,-1.44,-0.1784,2.3411,-0.2403,-0.2883,-0.8262
600690,青岛海尔,0.2598,-0.0566,0.6689,1.2883,-0.2403,-0.2883,0.5264
002304,洋河股份,0.1269,0.5988,0.8069,0.2382,-0.2403,-0.2883,1.3666
600535,天士力,1.4564,1.0198,0.91,0.047,-0.2403,-0.2883,0.136
600287,江苏舜天,2.2997,-0.6321,2.5053,2.3411,-0.2403,-0.2883,-0.2862
600182,S佳通,2.0507,-0.2512,2.1398,0.2374,-0.2403,-0.2883,-0.8262
002344,海宁皮城,1.4721,1.4539,1.7227,2.3411,-0.2403,-0.2883,-0.1596
600067,冠城大通,0.4599,-0.7417,0.922,2.3411,-0.2403,-0.2883,-0.8262
002236,大华股份,0.5597,2.0019,1.8038,0.3558,-0.2403,-0.2883,-0.4346
600180,瑞茂通,2.2997,-0.7014,2.5053,0.6578,-0.2403,-0.2883,-0.8262
000895,双汇发展,0.0385,-0.3459,1.4668,1.0343,-0.2403,-0.2883,-0.4314
600612,老凤祥,0.8907,0.9415,1.232,0.3921,-0.2403,-0.2883,-0.424
002294,信立泰,0.7583,0.399,0.8478,0.1088,-0.2403,-0.2883,-0.1354
002146,荣盛发展,0.5763,1.5106,1.1302,2.3411,-0.2403,3.7504,0.0769
600406,国电南瑞,0.59,2.2082,1.3892,0.3283,-0.2403,-0.2883,-0.8262
000863,三湘印象,0.2681,2.8044,2.5053,2.3411,-0.2403,-0.2883,-0.8262
600695,绿庭投资,2.2997,-1.4754,2.5053,-0.4434,-0.2403,-0.2883,-0.8262
000899,赣能股份,0.2681,-0.2509,-0.1784,2.3411,-0.2403,-0.2883,-0.8262
600805,悦达投资,-0.1046,-0.7147,0.5019,2.3411,-0.2403,-0.2883,0.3825
002353,杰瑞股份,1.3282,2.2509,1.4454,2.3411,-0.2403,-0.2883,-0.8262
600660,福耀玻璃,-0.0351,-0.1603,-0.1043,0.191,-0.2403,-0.2883,2.5711
000690,宝新能源,1.6383,0.4491,1.3787,1.4277,-0.2403,-0.2883,2.1685
300005,探路者,1.5555,1.8238,1.9084,2.3411,4.2388,3.7504,-0.241
000423,东阿阿胶,0.4467,0.2042,0.6802,-0.0043,-0.2403,-0.2883,-0.0924
600538,国发股份,1.8372,-0.313,-0.5959,-0.6705,-0.2403,-0.2883,-0.8262
000661,长春高新,0.8087,0.3567,1.3475,-0.5283,-0.2403,-0.2883,-0.8262
600083,博信股份,0.2681,2.8044,-0.1784,-0.8339,-0.2403,-0.2883,-0.8262
000537,广宇发展,0.7119,-0.7493,1.3937,0.6974,-0.2403,-0.2883,-0.8262
000701,厦门信达,2.0852,0.9762,1.7574,2.3411,-0.2403,-0.2883,-0.0364
000028,国药一致,0.1738,0.195,0.6327,0.0384,-0.2403,-0.2883,-0.4032
002038,双鹭药业,0.2434,1.1618,0.7129,0.3881,-0.2403,-0.2883,-0.4865
002116,中国海诚,1.0671,0.7374,0.9191,1.592,-0.2403,-0.2883,0.8035
000732,泰禾集团,0.4169,0.8969,0.7462,-0.2777,-0.2403,-0.2883,-0.8262
002153,石基信息,0.1407,0.3993,0.4149,0.6151,-0.2403,-0.2883,0.7454
000963,华东医药,-0.0077,0.4789,0.5092,-0.1243,-0.2403,-0.2883,-0.8262
600594,益佰制药,0.2512,0.5174,0.7613,2.3411,-0.2403,-0.2883,-0.5313
600694,大商股份,2.2997,-0.1126,2.5053,2.3411,-0.2403,-0.2883,0.002
600793,宜宾纸业,-1.0725,-1.4754,-0.5219,-0.7981,-0.2403,-0.2883,-0.8262
600507,方大特钢,0.8739,-0.5575,0.5504,-0.0049,-0.2403,-0.2883,2.5711
002271,东方雨虹,1.4677,0.5961,1.449,-0.0416,-0.2403,-0.2883,-0.178
000861,海印股份,-0.092,0.1747,0.3088,2.3411,-0.2403,-0.2883,0.1643
600153,建发股份,-0.1321,0.0965,0.3033,2.3411,-0.2403,-0.2883,0.7024
000786,北新建材,0.6813,0.3062,0.748,1.2993,-0.2403,-0.2883,0.9016
002219,恒康医疗,0.6851,0.5049,0.9844,0.1968,-0.2403,-0.2883,-0.7264
000062,深圳华强,1.3129,2.7215,0.7279,-0.02,-0.2403,-0.2883,1.7601
002047,宝鹰股份,2.2997,1.1891,2.5053,0.4125,-0.2403,-0.2883,-0.8262
002262,恩华药业,0.6077,0.3121,0.8292,0.2466,-0.2403,-0.2883,-0.661
000789,万年青,1.0413,0.1745,1.1379,1.9596,-0.2403,-0.2883,1.6457
600481,双良节能,1.4301,0.1225,0.7959,2.3411,-0.2403,-0.2883,1.2331
600066,宇通客车,-0.3876,0.2153,0.7147,1.1036,-0.2403,-0.2883,0.2382
600048,保利地产,0.5973,1.1942,0.7551,1.9134,-0.2403,-0.2883,0.7516
002065,东华软件,0.3059,0.9998,0.9018,2.3411,-0.2403,-0.2883,0.0297
002305,南国置业,0.9793,1.1291,1.1113,2.3411,-0.2403,-0.2883,1.8029
002063,远光软件,-0.0487,0.5649,0.4882,1.1609,-0.2403,-0.2883,0.3021
002375,亚厦股份,1.2722,1.3127,1.4074,2.3411,-0.2403,-0.2883,-0.4491
002241,歌尔股份,0.5556,2.1676,1.9496,0.8384,-0.2403,-0.2883,-0.4107
601166,兴业银行,0.3019,1.141,0.7802,2.3411,4.2388,3.7504,0.9458
600081,东风科技,-0.2884,-0.1818,-0.1328,0.5196,-0.2403,-0.2883,-0.8262
002041,登海种业,0.1407,0.1733,0.3672,1.6776,-0.2403,-0.2883,-0.3957
000631,顺发恒业,0.0263,0.0256,0.226,2.3411,-0.2403,-0.2883,-0.0933
002152,广电运通,0.0534,-0.0143,0.2628,2.3411,-0.2403,-0.2883,-0.3527
600252,中恒集团,-0.2515,1.3975,0.5447,2.3411,4.2388,3.7504,-0.0323
601939,建设银行,0.3238,0.132,0.3475,2.1988,4.2388,3.7504,2.5711
600111,北方稀土,-0.2992,0.1809,0.6999,0.5762,-0.2403,-0.2883,-0.1766
300026,红日药业,1.3492,2.8044,1.3684,2.3411,4.2388,3.7504,-0.596
600257,大湖股份,0.9838,-0.1028,0.7064,0.6953,-0.2403,-0.2883,-0.8262
000915,山大华特,0.5081,0.5804,0.7479,0.1003,-0.2403,-0.2883,-0.3485
300039,上海凯宝,1.3499,0.8302,0.9859,2.0728,4.2388,3.7504,2.5711
600090,同济堂,1.1947,-0.2054,1.0645,0.3352,-0.2403,-0.2883,-0.8262
600887,伊利股份,0.3677,0.1801,1.7062,0.6468,-0.2403,-0.2883,-0.8262
000600,建投能源,2.2997,0.1772,2.5053,2.1902,-0.2403,-0.2883,-0.2956
600570,恒生电子,0.1042,-0.0994,0.2585,-0.5519,-0.2403,-0.2883,-0.1423
600201,生物股份,0.7944,-0.6987,0.7511,0.0588,-0.2403,-0.2883,0.0263
600987,航民股份,0.4967,-0.2274,0.4637,0.982,-0.2403,-0.2883,1.3074
600511,国药股份,0.0013,0.2933,0.1322,0.1202,-0.2403,-0.2883,-0.4683
000065,北方国际,1.4797,0.1883,1.4746,0.4556,-0.2403,-0.2883,-0.2706
600036,招商银行,0.2877,0.4725,0.6424,1.3737,4.2388,3.7504,2.5711
600276,恒瑞医药,0.1395,0.2368,0.4358,-0.4982,-0.2403,-0.2883,-0.5513
600763,通策医疗,0.2805,0.5295,0.661,-0.3452,-0.2403,-0.2883,-0.8262
600161,天坛生物,0.4873,0.0751,0.719,-0.0847,-0.2403,-0.2883,-0.2088
000999,华润三九,0.2564,0.3919,0.2332,0.5511,-0.2403,-0.2883,0.0765
600743,华远地产,0.2471,1.2711,0.381,2.0099,-0.2403,-0.2883,2.5711
600335,国机汽车,0.2681,2.8044,-0.1784,2.3411,-0.2403,-0.2883,-0.1552
002275,桂林三金,0.6767,0.0094,0.3721,0.5248,-0.2403,-0.2883,2.5711
002142,宁波银行,0.652,0.7954,0.6939,1.8701,4.2388,3.7504,1.1859
002030,达安基因,0.7873,0.9459,0.8619,-0.3505,-0.2403,-0.2883,-0.6106
600983,惠而浦,-0.2868,0.3433,0.0188,2.1961,-0.2403,-0.2883,-0.0938
600658,电子城,0.0885,-0.4989,0.1641,1.6995,-0.2403,-0.2883,1.4031
000625,长安汽车,0.2377,-0.4362,0.4502,-0.8853,-0.2403,-0.2883,-0.4364
000415,渤海金控,2.2997,2.8044,2.5053,2.3411,-0.2403,-0.2883,-0.8262
600741,华域汽车,0.3677,0.1335,0.1748,0.7514,-0.2403,-0.2883,2.5651
600803,新奥股份,2.2997,2.8044,2.5053,0.8259,-0.2403,-0.2883,-0.8262
000550,江铃汽车,-0.2717,-0.1982,-0.1866,2.3166,-0.2403,-0.2883,2.5711
600197,伊力特,0.7946,0.1862,0.6591,-0.1849,-0.2403,-0.2883,1.0582
600828,茂业商业,-0.019,-0.2434,0.2585,0.9596,-0.2403,-0.2883,-0.1181
600697,欧亚集团,0.5562,0.6001,0.5421,1.0624,-0.2403,-0.2883,0.7233
600637,东方明珠,1.5442,-0.3271,2.5031,0.265,-0.2403,-0.2883,-0.8262
600015,华夏银行,0.3719,0.4606,0.9922,2.3411,4.2388,3.7504,1.6193
300014,亿纬锂能,1.234,1.8782,1.1268,0.5647,4.2388,2.974,0.5382
002035,华帝股份,-0.207,0.9044,0.5307,-0.1473,-0.2403,-0.2883,1.0175
601808,中海油服,0.4271,0.1014,0.3741,2.3411,-0.2403,-0.2883,0.3608
600027,华电国际,2.2997,-0.0053,2.5053,-0.8853,-0.2403,-0.2883,-0.8262
600104,上汽集团,0.074,0.4098,0.5055,1.2807,-0.2403,-0.2883,1.2359
600729,重庆百货,-0.1187,-0.0588,0.2647,1.6673,-0.2403,-0.2883,1.2879
600886,国投电力,2.2544,0.38,2.5053,1.4801,-0.2403,-0.2883,-0.6588
600271,航天信息,0.0069,0.3537,0.0213,0.9146,-0.2403,-0.2883,2.4473
000672,上峰水泥,0.0571,2.8044,2.5053,0.0792,-0.2403,-0.2883,-0.8262
002085,万丰奥威,0.588,1.0351,0.7888,0.6706,-0.2403,-0.2883,2.5711
600621,华鑫股份,1.2924,-1.0804,1.0135,0.3078,-0.2403,-0.2883,1.4548
600778,友好集团,1.1283,1.7949,1.0783,2.3411,-0.2403,-0.2883,-0.2521
600572,康恩贝,0.8361,0.1979,0.7952,1.4909,-0.2403,-0.2883,0.2772
600086,东方金钰,0.6798,2.1508,1.0716,0.571,-0.2403,-0.2883,-0.8262
000966,长源电力,0.2681,-0.6322,-0.1784,2.3411,-0.2403,-0.2883,-0.8262
000887,中鼎股份,-0.3964,0.2284,0.064,-0.2161,-0.2403,-0.2883,-0.8262
002327,富安娜,0.9085,0.3441,0.9225,2.2924,-0.2403,-0.2883,-0.8262
002166,莱茵生物,0.2681,2.8044,-0.1784,-0.0474,-0.2403,-0.2883,-0.8262
601998,中信银行,0.2261,0.4919,0.5157,2.3411,-0.2403,3.7504,2.5711
300070,碧水源,2.0467,2.8044,1.9569,0.9707,4.2388,3.7504,-0.7087
600794,保税科技,0.0417,-1.4754,0.8055,1.7431,-0.2403,-0.2883,0.7909
601668,中国建筑,0.817,0.4508,0.7699,1.2269,-0.2403,-0.2883,1.5556
600845,宝信软件,0.0274,-0.1111,0.0955,0.5046,-0.2403,-0.2883,0.3076
601169,北京银行,0.375,0.5873,0.6229,2.3411,4.2388,3.7504,1.1157
002198,嘉应制药,1.1445,1.5735,2.2309,0.8969,-0.2403,-0.2883,-0.8262
002158,汉钟精机,0.0205,-0.3547,-0.0905,0.7173,-0.2403,-0.2883,2.5711
600436,片仔癀,0.1631,0.1786,0.7733,0.2715,-0.2403,-0.2883,-0.2382
002223,鱼跃医疗,0.1652,0.181,0.3568,-0.1173,-0.2403,-0.2883,-0.3684
600755,厦门国贸,0.76,-0.035,0.4959,1.2137,-0.2403,-0.2883,0.9572
600011,华能国际,1.8023,-0.2579,1.1932,2.3411,-0.2403,-0.2883,-0.0223
000752,西藏发展,2.2997,-0.5628,2.5053,0.3394,-0.2403,-0.2883,-0.6623
601988,中国银行,0.3345,0.0029,0.2778,2.3411,-0.2403,3.7504,2.5711
000552,靖远煤电,0.6586,2.8044,2.5053,2.3411,-0.2403,-0.2883,-0.7535
600588,用友网络,0.6425,-0.0071,0.3917,-0.0279,4.2388,1.7768,-0.8262
601009,南京银行,0.7427,0.6022,0.6012,2.3411,4.2388,3.7504,2.5651
600705,中航资本,-1.6115,-0.7014,-0.2249,2.2117,-0.2403,-0.2883,-0.8262
300027,华谊兄弟,1.136,0.4966,1.8486,0.9703,4.2388,3.7504,0.6197
000811,冰轮环境,0.0358,-0.2755,0.5005,1.7075,-0.2403,-0.2883,0.747
002250,联化科技,-0.1498,0.2973,0.7739,2.1289,-0.2403,-0.2883,-0.4786
601088,中国神华,0.1051,0.4821,0.0442,2.1723,4.2388,3.7504,2.5711
600578,京能电力,1.13,2.215,2.5053,2.3411,-0.2403,-0.2883,1.1834
600585,海螺水泥,0.1936,0.1686,0.2915,0.8579,4.2388,3.7504,1.2093
000011,深物业A,0.0204,0.2045,0.4427,0.0253,-0.2403,-0.2883,-0.8262
000596,古井贡酒,-0.4801,1.0689,0.6255,-0.3605,-0.2403,-0.2883,0.1264
600583,海油工程,2.2997,1.437,2.5053,2.3411,-0.2403,-0.2883,-0.2607
600336,澳柯玛,0.7058,-0.4309,0.7599,0.5646,-0.2403,-0.2883,-0.8262
601006,大秦铁路,0.1088,-0.3475,0.0358,1.8436,-0.2403,-0.2883,2.5711
000543,皖能电力,2.0563,1.817,2.0528,2.3411,-0.2403,-0.2883,-0.712
600388,龙净环保,0.8469,0.2466,0.6361,1.2332,-0.2403,-0.2883,0.727
600795,国电电力,1.0725,0.1626,1.0067,2.3411,-0.2403,-0.2883,2.4303
600396,金山股份,2.2997,1.6527,2.5053,2.3411,-0.2403,-0.2883,-0.2843
600062,华润双鹤,0.5471,-0.2718,0.4096,1.1546,-0.2403,-0.2883,1.0546
002191,劲嘉股份,0.3366,-0.608,0.332,1.7802,-0.2403,-0.2883,1.6902
002372,伟星新材,0.8773,0.3227,0.5396,0.5916,-0.2403,-0.2883,-0.8262
000333,美的集团,-0.641,-0.4342,0.2229,1.4048,-0.2403,-0.2883,-0.8262
002367,康力电梯,1.0803,0.6767,0.8359,1.7984,-0.2403,-0.2883,-0.8262
600060,海信电器,0.3876,-0.1777,0.5673,1.4674,-0.2403,-0.2883,-0.8262
600446,金证股份,1.2738,-0.2614,1.1116,-0.0745,-0.2403,-0.2883,0.6191
600167,联美控股,0.9966,0.506,0.9168,-0.0255,-0.2403,-0.2883,-0.8262
002242,九阳股份,-0.0569,-0.7073,-0.4095,0.2155,-0.2403,-0.2883,1.1006
601117,中国化学,0.5943,0.5137,0.6532,2.0723,-0.2403,-0.2883,-0.2585
002210,飞马国际,0.8459,2.8044,0.7419,-0.1871,-0.2403,-0.2883,0.6193
000034,神州数码,-1.8753,-0.1973,-1.669,-0.8101,-0.2403,-0.2883,-0.8262
600203,福日电子,0.2681,0.4791,-0.1784,0.1692,-0.2403,-0.2883,-0.8262
600557,康缘药业,0.3473,0.2188,0.3867,0.8159,-0.2403,-0.2883,-0.6122
000700,模塑科技,2.2997,0.0028,2.5053,2.3411,-0.2403,-0.2883,-0.8262
000961,中南建设,0.231,0.6352,0.3779,2.3411,-0.2403,-0.2883,-0.8262
002293,罗莱生活,0.3737,-0.1104,0.3414,1.7734,-0.2403,-0.2883,1.7666
000639,西王食品,0.8773,0.6484,0.7405,0.8238,-0.2403,-0.2883,0.3647
600518,康美药业,0.3717,2.3308,1.0134,0.4029,-0.2403,-0.2883,-0.5315
000620,新华联,0.3206,-0.7014,2.5053,0.7045,-0.2403,-0.2883,1.2139
000838,财信发展,0.2681,2.8044,-0.1784,0.8898,-0.2403,-0.2883,-0.8262
000582,北部湾港,0.6543,2.8044,2.5053,1.3777,-0.2403,-0.2883,-0.8262
300024,机器人,0.8685,1.0228,0.835,0.5564,-0.2403,3.5198,-0.8262
600532,宏达矿业,0.2681,-0.1544,-0.1784,0.3279,-0.2403,-0.2883,-0.8262
002007,华兰生物,-0.498,-0.9041,-0.4325,0.0899,-0.2403,-0.2883,-0.3109
601318,中国平安,0.2635,0.5356,0.3738,0.5837,4.2388,3.6031,0.2029
300012,华测检测,1.0037,0.8206,0.7512,2.3401,4.2388,3.7504,0.4801
600647,同达创业,0.5763,-1.1204,0.483,-0.4233,-0.2403,-0.2883,-0.8262
000559,万向钱潮,0.7213,-0.4042,0.0604,0.1901,-0.2403,-0.2883,2.5711
002051,中工国际,0.124,0.4369,0.6214,1.0886,-0.2403,-0.2883,0.1461
002008,大族激光,0.2392,-0.1019,0.2441,-0.5667,-0.2403,-0.2883,0.9156
002385,大北农,0.8921,1.703,0.926,1.4921,-0.2403,-0.2883,-0.1449
002325,洪涛股份,1.1304,0.9861,1.1489,1.7562,-0.2403,-0.2883,-0.3396
600882,广泽股份,0.2681,-0.2756,-0.1784,1.0383,-0.2403,-0.2883,-0.8262
600238,海南椰岛,-0.4493,-1.4754,-0.5439,0.2976,-0.2403,-0.2883,-0.8262
002287,奇正藏药,0.3439,0.4653,0.0654,-0.392,-0.2403,-0.2883,0.8717
600885,宏发股份,-1.3894,2.8044,2.5053,-0.3744,-0.2403,-0.2883,-0.8262
601369,陕鼓动力,0.4136,-0.0323,0.1751,1.5087,-0.2403,-0.2883,2.5711
600571,信雅达,0.9759,-0.018,0.9745,0.4086,-0.2403,-0.2883,-0.3734
600248,延长化建,0.0896,-0.0922,0.2747,1.6009,-0.2403,-0.2883,-0.8262
000981,银亿股份,2.2997,2.8044,2.5053,2.0325,-0.2403,-0.2883,-0.8262
600655,豫园股份,0.287,0.4818,0.2418,1.0716,-0.2403,-0.2883,0.1452
600021,上海电力,2.2997,-0.7737,2.4243,1.1248,-0.2403,-0.2883,0.3377
002064,华峰氨纶,-0.0773,-0.0166,-0.326,1.4535,-0.2403,-0.2883,-0.8262
600703,三安光电,1.1054,2.5209,0.9258,0.0842,-0.2403,-0.2883,-0.8262
601328,交通银行,0.0416,0.1387,0.3504,2.3411,-0.2403,3.7504,1.0172
000987,越秀金控,-0.2152,-0.471,-0.238,1.7963,-0.2403,-0.2883,2.5711
002033,丽江旅游,2.2997,1.9542,2.5053,1.5783,-0.2403,-0.2883,0.0976
600352,浙江龙盛,0.4314,0.7449,0.4108,1.4084,-0.2403,-0.2883,0.1819
002140,东华科技,-0.2946,0.0122,0.0127,0.6887,-0.2403,-0.2883,-0.3381
600761,安徽合力,0.2767,-0.2495,0.1826,2.1414,-0.2403,-0.2883,1.1773
000513,丽珠集团,0.0883,0.2817,-0.0138,-0.198,-0.2403,1.6367,0.4252
600582,天地科技,-0.4619,0.1548,-0.1792,2.3411,-0.2403,-0.2883,0.6386
600329,中新药业,0.1126,0.3252,0.0177,0.1394,-0.2403,-0.2883,0.699
002128,露天煤业,-0.8992,-0.5414,-0.6296,1.0986,-0.2403,-0.2883,2.5711
000669,金鸿控股,0.2681,2.8044,-0.1784,1.7782,-0.2403,-0.2883,-0.8262
600223,鲁商置业,-0.9621,0.3526,-0.6716,1.107,-0.2403,-0.2883,-0.8262
000417,合肥百货,-0.3146,-0.0892,0.3009,1.3472,-0.2403,-0.2883,0.5439
300002,神州泰岳,0.4338,0.9025,0.3371,2.3411,4.2388,3.7504,0.7001
601158,重庆水务,0.5631,-0.3439,0.2386,1.0552,-0.2403,-0.2883,2.5711
002376,新北洋,0.8558,0.3739,0.661,0.0793,-0.2403,-0.2883,0.2882
000905,厦门港务,1.6208,1.5903,1.3343,0.9477,-0.2403,-0.2883,-0.4518
600332,白云山,1.2733,2.2545,1.5233,-0.0335,-0.2403,2.1029,-0.534
000030,富奥股份,0.2681,2.8044,-0.8096,0.8539,-0.2403,-0.2883,-0.8262
601888,中国国旅,0.8017,0.4251,1.2889,0.0472,-0.2403,-0.2883,-0.4939
600620,天宸股份,-0.3507,-1.4754,-0.5074,-0.0876,-0.2403,-0.2883,-0.8262
601139,深圳燃气,0.4902,-0.2231,0.7704,0.6009,4.2388,3.7504,0.1417
600070,浙江富润,0.3461,-0.6895,0.5865,1.4013,-0.2403,-0.2883,1.9708
000719,中原传媒,-1.746,-0.7014,2.5053,1.3807,-0.2403,-0.2883,-0.8262
600077,宋都股份,2.2997,2.8044,2.5053,1.9184,-0.2403,-0.2883,-0.2909
002308,威创股份,0.4893,-0.1346,0.2741,0.2109,-0.2403,-0.2883,1.3419
600600,青岛啤酒,0.106,-0.0642,0.1065,0.258,-0.2403,-0.2883,-0.1214
000156,华数传媒,0.2681,0.6953,0.1748,-0.2298,-0.2403,-0.2883,-0.8262
000517,荣安地产,0.3769,2.1069,0.5311,1.7557,-0.2403,-0.2883,-0.8262
600120,浙江东方,1.3167,0.9201,1.1758,0.7212,-0.2403,-0.2883,0.2023
002358,森源电气,1.0896,1.3063,1.5264,0.6889,-0.2403,-0.2883,-0.0408
300072,三聚环保,1.8022,1.3874,1.4742,-0.5341,0.5912,0.7663,-0.5912
600419,天润乳业,1.2767,-1.4754,1.45,-0.5924,-0.2403,-0.2883,-0.8262
000411,英特集团,-0.1871,0.4788,0.4631,-0.3144,-0.2403,-0.2883,-0.8262
000753,漳州发展,0.5808,0.4604,0.488,1.3992,-0.2403,-0.2883,-0.8262
002324,普利特,0.8038,0.7534,0.6119,0.1928,-0.2403,-0.2883,-0.1318
002292,奥飞娱乐,0.7432,0.3126,0.4742,0.0681,-0.2403,-0.2883,0.3202
300009,安科生物,0.7221,0.5065,0.4497,-0.3813,4.2388,1.191,0.2604
600327,大东方,-0.265,-0.0904,-0.3638,0.6701,-0.2403,-0.2883,1.0971
000001,平安银行,-0.1608,1.4761,0.8987,2.3411,4.2388,3.7504,-0.2785
600438,通威股份,0.4598,0.1402,0.5717,0.2084,-0.2403,-0.2883,0.3354
600801,华新水泥,0.5132,0.5057,0.6775,1.9795,-0.2403,-0.2883,0.2696
300015,爱尔眼科,0.7936,0.9319,0.541,-0.4026,4.2388,1.172,-0.0227
600418,江淮汽车,-0.3522,-0.4857,-0.4168,1.6553,-0.2403,-0.2883,1.1586
002381,双箭股份,2.2252,-0.13,1.6221,1.6687,-0.2403,-0.2883,-0.8262
600517,置信电气,-0.4958,0.7924,-0.3023,1.2564,-0.2403,-0.2883,-0.8262
600057,象屿股份,-1.8753,-0.7014,2.5053,0.2174,-0.2403,-0.2883,-0.8262
000826,启迪桑德,0.0011,1.3611,1.1216,0.0533,-0.2403,-0.2883,-0.6113
600604,市北高新,0.2681,-0.8556,-0.1784,0.3612,-0.2403,-0.2883,-0.8262
600547,山东黄金,-0.7819,-0.0066,-0.2628,-0.0879,-0.2403,-0.2883,-0.348
600875,东方电气,-0.4537,-0.5151,-0.2736,2.3411,-0.2403,-0.2883,0.5708
600527,江南高纤,0.2135,-0.4445,0.6198,1.1327,-0.2403,-0.2883,-0.2483
600196,复星医药,0.6404,0.8317,0.8537,-0.2285,-0.2403,-0.2883,0.0484
000042,中洲控股,0.0786,0.0769,-0.0573,2.3257,-0.2403,-0.2883,0.9358
600422,昆药集团,0.4461,0.5994,1.0566,1.6276,-0.2403,-0.2883,-0.8262
601801,皖新传媒,0.7748,0.2467,0.561,1.1978,-0.2403,-0.2883,0.4279
000957,中通客车,1.306,0.1697,1.0211,0.4384,-0.2403,-0.2883,-0.8262
600502,安徽水利,-0.4947,0.38,-0.1797,0.9608,-0.2403,-0.2883,0.0907
600993,马应龙,0.392,-0.1494,0.292,-0.0347,-0.2403,-0.2883,-0.1172
600785,新华百货,-0.3553,0.2377,-0.2473,0.5792,-0.2403,-0.2883,1.6008
002124,天邦股份,0.6698,0.4958,0.317,0.1823,-0.2403,-0.2883,0.6581
000338,潍柴动力,-0.9695,-0.839,-0.7825,2.3411,-0.2403,-0.2883,0.0289
300031,宝通科技,1.2356,0.2631,0.8324,0.575,4.2388,3.7504,-0.8262
600372,中航电子,-0.05,2.8044,1.9245,-0.0156,-0.2403,-0.2883,-0.8262
000046,泛海控股,2.2997,2.0639,2.5053,0.1813,-0.2403,-0.2883,0.4077
601186,中国铁建,1.1094,-0.3089,0.9059,1.4043,-0.2403,-0.2883,1.1663
002108,沧州明珠,-0.2711,-0.0201,0.0968,0.3866,-0.2403,-0.2883,-0.8262
601518,吉林高速,0.9055,-0.1569,0.7096,1.2394,-0.2403,-0.2883,1.2055
600512,腾达建设,2.2997,-0.3562,2.5053,0.5304,-0.2403,-0.2883,-0.8262
600469,风神股份,0.8806,-0.6154,0.6705,2.3411,-0.2403,-0.2883,0.2786
600183,生益科技,-0.3373,-0.3843,-0.1296,-0.1297,-0.2403,-0.2883,2.5711
600622,光大嘉宝,-0.1029,0.9949,-0.1754,0.3695,-0.2403,-0.2883,1.5157
600699,均胜电子,0.2681,2.8044,0.9853,-0.4003,-0.2403,-0.2883,-0.8262
600452,涪陵电力,0.2681,-0.1427,-0.1784,-0.5641,-0.2403,-0.2883,-0.8262
000545,金浦钛业,0.2681,2.8044,-0.1784,1.454,-0.2403,-0.2883,-0.8262
000975,银泰资源,0.2681,1.1863,-0.1784,0.1154,-0.2403,-0.2883,0.7112
000656,金科股份,1.7192,2.8044,2.5053,2.3411,-0.2403,-0.2883,0.0133
600170,上海建工,0.339,-0.0453,0.4767,2.3411,-0.2403,-0.2883,-0.1497
600663,陆家嘴,0.3719,0.2136,-0.0006,0.3122,-0.2403,-0.2883,0.5541
002091,江苏国泰,-0.3004,-0.0724,-0.2269,0.852,-0.2403,-0.2883,0.1665
600383,金地集团,-0.0116,0.3811,0.1427,0.7585,-0.2403,-0.2883,0.1701
600811,东方集团,1.7455,1.3757,1.5241,2.3411,-0.2403,-0.2883,-0.8262
600312,平高电气,2.2997,0.4825,2.5053,0.7409,-0.2403,-0.2883,-0.8262
002245,澳洋顺昌,-0.1502,-0.3774,-0.0468,0.0231,-0.2403,-0.2883,0.2915
000587,金洲慈航,0.2681,2.8044,-0.1784,0.2815,-0.2403,-0.2883,-0.8262
600479,千金药业,0.6298,0.6445,0.2212,-0.0013,-0.2403,-0.2883,0.9009
600270,外运发展,0.787,-0.4597,0.2964,0.5249,-0.2403,-0.2883,2.1168
600093,易见股份,2.2997,-0.5356,2.5053,-0.5408,-0.2403,-0.2883,-0.8262
600562,国睿科技,1.7193,1.6682,2.4648,0.279,-0.2403,-0.2883,-0.8262
002318,久立特材,1.6096,0.1624,1.1923,2.318,-0.2403,-0.2883,-0.1347
600031,三一重工,-1.3042,-0.5372,-0.7977,0.4212,4.2388,-0.2883,2.3125
600382,广东明珠,-0.1224,-1.4754,-0.0106,0.5927,-0.2403,-0.2883,-0.3613
600704,物产中大,-0.1638,-0.2518,-0.1664,2.0068,-0.2403,-0.2883,-0.0954
600106,重庆路桥,0.7552,-0.7517,0.6694,1.2569,-0.2403,-0.2883,-0.8262
600097,开创国际,2.0033,-0.0894,1.5807,0.1338,-0.2403,-0.2883,-0.179
002003,伟星股份,-0.4801,-0.7554,-0.3826,1.2319,-0.2403,-0.2883,2.5711
600525,长园集团,0.6449,0.3974,0.3415,-0.1545,-0.2403,-0.2883,0.6343
600350,山东高速,0.2553,0.0131,0.54,1.5553,-0.2403,-0.2883,2.5711
000430,张家界,0.2681,2.8044,0.995,-0.2822,-0.2403,-0.2883,-0.8262
600012,皖通高速,0.0973,-0.5289,-0.0939,0.6143,-0.2403,-0.2883,2.5711
002300,太阳电缆,0.3584,-0.0428,-0.0212,0.8306,-0.2403,-0.2883,2.5711
002256,兆新股份,1.055,0.0206,0.5965,0.3111,-0.2403,-0.2883,0.0625
600521,华海药业,1.0383,0.8826,1.5964,-0.319,-0.2403,-0.2883,0.3739
600162,香江控股,0.4525,0.0674,0.1399,1.4759,-0.2403,-0.2883,-0.8262
000409,山东地矿,0.2681,2.8044,-0.1784,0.4727,-0.2403,-0.2883,-0.8262
000546,金圆股份,2.2997,-0.4951,2.5053,-0.6388,-0.2403,-0.2883,-0.8262
000793,华闻传媒,0.5961,-0.5717,0.8094,0.4292,-0.2403,-0.2883,-0.5817
600185,格力地产,0.8481,0.4854,0.9127,2.2407,-0.2403,-0.2883,-0.8262
002014,永新股份,-0.1404,-0.2798,0.2385,0.6285,-0.2403,-0.2883,2.4251
300016,北陆药业,0.6406,0.4313,0.3092,-0.3507,4.2388,1.5288,0.5376
600366,宁波韵升,0.3331,-0.5228,0.4429,0.3374,-0.2403,-0.2883,0.2719
000998,隆平高科,0.9448,0.0027,0.9406,-0.2983,-0.2403,-0.2883,-0.4907
600028,中国石化,-0.2017,0.0466,-0.2316,1.8418,4.2388,3.7504,2.5711
000534,万泽股份,2.2997,2.0321,2.5053,-0.1111,-0.2403,-0.2883,0.1189
000800,一汽轿车,-0.5047,-1.0769,-0.7588,0.7878,-0.2403,-0.2883,-0.8262
002208,合肥城建,-0.0169,0.4734,-0.0351,0.6755,-0.2403,-0.2883,0.9519
300056,三维丝,1.333,1.1665,0.8501,1.5853,4.2388,3.7504,-0.3192
600742,一汽富维,-0.721,0.081,-0.6039,2.3305,-0.2403,-0.2883,0.5091
002037,久联发展,-0.2479,0.8206,0.5236,0.9456,-0.2403,-0.2883,0.0292
600723,首商股份,2.2997,2.3272,2.5053,1.0103,-0.2403,-0.2883,-0.8262
300058,蓝色光标,1.0681,2.8044,2.5053,2.3411,4.2388,3.7504,-0.5716
000506,中润资源,-0.835,-1.1527,-0.5515,0.0798,-0.2403,-0.2883,-0.8262
600633,浙数文化,2.2997,2.8044,2.5053,0.7171,-0.2403,-0.2883,0.1266
600068,葛洲坝,0.0658,0.2005,-0.0277,0.7039,-0.2403,-0.2883,1.2221
600668,尖峰集团,0.2851,0.197,0.2899,0.3188,-0.2403,-0.2883,0.3764
600900,长江电力,0.1723,-0.6384,-0.0744,0.2253,-0.2403,-0.2883,2.5711
600004,白云机场,0.6436,-0.1908,0.2936,0.7026,-0.2403,-0.2883,2.5711
002049,紫光国芯,0.6959,1.2531,2.5053,-0.1552,-0.2403,-0.2883,-0.8262
600642,申能股份,0.8727,-0.1624,0.4904,2.0099,-0.2403,-0.2883,1.5014
000666,经纬纺机,0.8226,-0.8886,0.8954,0.4651,-0.2403,-0.2883,-0.2961
600823,世茂股份,0.3914,0.8596,0.5566,2.3411,-0.2403,-0.2883,0.9041
000581,威孚高科,-0.964,-0.633,-0.3711,0.4874,-0.2403,-0.2883,0.0313
000150,宜华健康,2.2997,2.8044,2.5053,-0.5796,-0.2403,-0.2883,-0.8262
600105,永鼎股份,-0.0351,-1.4754,-0.2872,1.3804,-0.2403,-0.2883,-0.8262
002394,联发股份,0.3245,-0.0423,0.1683,2.3411,-0.2403,-0.2883,2.2935
600159,大龙地产,2.2997,-1.0277,2.5053,1.3016,-0.2403,-0.2883,-0.8262
601857,中国石油,-0.0869,0.0923,-0.2574,1.6922,-0.2403,-0.2883,2.5711
000697,炼石有色,0.2681,-1.4754,-0.1784,-0.6933,-0.2403,-0.2883,-0.8262
601766,中国中车,0.0631,0.0499,0.3806,-0.0771,-0.2403,-0.2883,2.5711
000718,苏宁环球,-0.5547,0.5583,-0.6242,0.6868,-0.2403,-0.2883,-0.8262
000090,天健集团,2.2997,-0.2728,1.4096,1.1472,-0.2403,-0.2883,-0.4116
601628,中国人寿,-0.2087,-0.5529,-0.4826,0.0388,4.2388,3.0585,0.5793
600688,上海石化,-0.1265,0.0252,-0.4767,0.043,4.2388,3.0057,0.0769
600623,华谊集团,0.0645,0.1366,-0.125,0.3559,-0.2403,-0.2883,-0.2068
600706,曲江文旅,0.2681,2.8044,2.5053,-0.0786,-0.2403,-0.2883,-0.8262
600665,天地源,0.287,-0.2141,0.1986,1.3043,-0.2403,-0.2883,-0.8262
002185,华天科技,0.2908,0.7426,0.4867,0.4262,-0.2403,-0.2883,0.2793
600720,祁连山,-0.4211,0.5709,-0.2362,0.804,-0.2403,-0.2883,-0.8262
600378,天科股份,0.665,-0.1012,0.4369,-0.2902,-0.2403,-0.2883,-0.4053
000301,东方市场,2.2997,-0.5036,1.7909,0.5841,-0.2403,-0.2883,-0.1247
600716,凤凰股份,0.0349,-0.0184,0.0403,1.0781,-0.2403,-0.2883,-0.8262
002317,众生药业,0.5005,0.2906,0.2166,0.4772,-0.2403,-0.2883,2.0012
600373,中文传媒,0.37,2.0515,0.5058,1.0684,-0.2403,-0.2883,2.5711
000408,藏格控股,-0.5769,-0.9462,-0.6381,-0.7197,-0.2403,-0.2883,-0.8262
600295,鄂尔多斯,-0.354,-0.4025,-0.3132,0.7156,-0.2403,-0.2883,0.4851
600859,王府井,0.3199,-0.068,0.5328,1.2522,-0.2403,-0.2883,0.8177
600386,北巴传媒,0.2162,0.1475,0.0987,1.8922,-0.2403,-0.2883,-0.8262
002338,奥普光电,0.7943,0.0023,0.3356,0.622,-0.2403,-0.2883,1.1906
000828,东莞控股,0.1934,-0.3731,-0.0415,0.2301,-0.2403,-0.2883,2.5711
600009,上海机场,0.5137,-0.3124,0.218,-0.1835,-0.2403,-0.2883,2.5711
002133,广宇集团,-0.1935,-1.1305,-0.1785,1.5531,-0.2403,-0.2883,1.2303
600549,厦门钨业,-0.0221,0.3871,0.1202,-0.0316,-0.2403,-0.2883,-0.1745
000598,兴蓉环境,-0.0884,2.2726,1.2881,0.6791,-0.2403,-0.2883,-0.3422
600708,光明地产,-0.0401,-0.5202,-0.1829,0.2989,-0.2403,-0.2883,1.0427
600138,中青旅,0.212,0.0799,0.0252,0.1761,-0.2403,-0.2883,0.6338
002138,顺络电子,-0.1549,0.9078,0.3331,0.0999,-0.2403,-0.2883,-0.1735
002117,东港股份,0.6877,-0.2319,0.3856,-0.1223,-0.2403,-0.2883,1.7026
002335,科华恒盛,0.1984,0.08,0.0466,-0.3525,-0.2403,-0.2883,0.2191
300071,华谊嘉信,0.7386,1.6904,0.5699,0.7809,-0.2403,3.7504,0.3418
600864,哈投股份,0.019,-0.0585,0.0211,1.6204,-0.2403,-0.2883,1.9359
600285,羚锐制药,0.9311,0.4089,0.7461,0.1788,-0.2403,-0.2883,0.3631
601390,中国中铁,0.2187,-0.4094,0.0656,0.7617,-0.2403,-0.2883,0.9358
002028,思源电气,-0.4218,0.4106,-0.6327,0.8764,-0.2403,-0.2883,-0.1611
600487,亨通光电,0.1722,2.3848,0.4924,0.2398,-0.2403,-0.2883,-0.3803
000679,大连友谊,-0.6372,-0.6985,-0.6068,1.1653,-0.2403,-0.2883,0.5508
002267,陕天然气,-0.2841,0.2119,-0.3602,0.4417,-0.2403,-0.2883,0.4178
600318,新力金融,0.081,-0.0251,0.3885,0.2333,-0.2403,-0.2883,0.1585
600738,兰州民百,0.3259,0.1047,1.1634,0.374,-0.2403,-0.2883,-0.8262
002025,航天电器,0.4961,0.6542,0.2719,-0.104,-0.2403,-0.2883,0.066
600262,北方股份,0.4597,-0.4617,0.368,0.1647,-0.2403,-0.2883,0.2063
600284,浦东建设,0.4463,0.7112,0.7408,1.661,-0.2403,-0.2883,-0.2175
000650,仁和药业,-0.78,-0.21,-0.3042,0.3339,-0.2403,-0.2883,-0.1452
600724,宁波富达,0.0543,0.1971,0.0174,1.49,-0.2403,-0.2883,1.0258
000519,中兵红箭,2.2891,2.8044,2.5053,1.3455,-0.2403,-0.2883,-0.8262
002233,塔牌集团,-0.0345,-0.3505,0.1083,0.3496,-0.2403,-0.2883,2.2186
600650,锦江投资,-0.1139,-0.482,-0.3714,0.0467,-0.2403,-0.2883,2.5711
002226,江南化工,-0.351,2.8044,1.5402,2.3411,-0.2403,-0.2883,1.0376
600018,上港集团,-0.2242,0.0054,-0.2099,0.1599,-0.2403,-0.2883,2.5711
000039,中集集团,-0.4513,-0.5076,-0.4956,0.3493,4.2388,3.7504,2.5711
600976,健民集团,0.5368,-0.2806,0.1412,-0.0324,-0.2403,-0.2883,1.5215
600559,老白干酒,0.3763,0.0987,0.3339,-0.4137,-0.2403,-0.2883,-0.8262
600846,同济科技,0.6556,0.5357,0.4117,-0.0792,-0.2403,-0.2883,-0.3638
002148,北纬科技,0.169,-0.3131,0.0017,0.894,-0.2403,-0.2883,-0.697
001696,宗申动力,-0.3726,-0.5348,-0.2976,0.4728,-0.2403,-0.2883,2.5711
600820,隧道股份,0.0151,0.1023,0.8439,2.3411,-0.2403,-0.2883,-0.8262
600132,重庆啤酒,-0.8226,-0.0588,-0.9321,-0.4167,-0.2403,-0.2883,0.3931
002364,中恒电气,1.0193,0.4652,0.9457,0.2252,-0.2403,-0.2883,-0.8262
600123,兰花科创,-0.5701,-0.4857,-0.4503,2.0868,-0.2403,-0.2883,0.9087
002357,富临运业,0.359,0.6602,0.1981,0.2373,-0.2403,-0.2883,2.5711
002050,三花智控,-0.0013,0.2821,-0.1523,-0.0176,-0.2403,-0.2883,-0.8262
600496,精工钢构,-0.1335,-0.073,-0.1141,2.1944,-0.2403,-0.2883,0.1374
000819,岳阳兴长,0.5092,-0.4043,0.2259,-0.0402,-0.2403,-0.2883,-0.1402
600551,时代出版,0.4096,0.9936,0.1941,0.9256,-0.2403,-0.2883,0.7256
002361,神剑股份,0.9354,0.4254,0.607,0.307,-0.2403,-0.2883,1.0953
600965,福成股份,0.2681,0.6627,-0.1784,-0.1852,-0.2403,-0.2883,-0.254
600246,万通地产,-0.0537,-0.8335,-0.264,1.3283,-0.2403,-0.2883,2.5711
600593,大连圣亚,2.2997,0.6291,2.4551,-0.5091,-0.2403,-0.2883,-0.8262
300074,华平股份,1.1073,1.0974,0.7117,0.8382,4.2388,3.7504,-0.8262
002273,水晶光电,-0.5748,0.5061,0.0369,-0.4307,-0.2403,-0.2883,-0.04
002393,力生制药,0.6719,-0.0731,0.2478,0.8056,-0.2403,-0.2883,1.9394
600580,卧龙电气,0.4728,0.5994,0.4493,0.3443,-0.2403,-0.2883,1.2907
600628,新世界,0.2354,-0.4749,0.0406,0.5643,-0.2403,-0.2883,1.1787
600648,外高桥,-0.2134,-1.0782,-0.3768,0.0425,-0.2403,-0.2883,-0.0951
002048,宁波华翔,-0.3237,0.8249,-0.3833,0.0402,-0.2403,-0.2883,0.2066
600686,金龙汽车,-0.1341,-0.2505,-0.201,0.5662,-0.2403,-0.2883,0.4702
600643,爱建集团,0.5246,-1.4754,1.8755,0.3478,-0.2403,-0.2883,-0.8262
600156,华升股份,2.2997,-0.2844,2.5053,0.2038,-0.2403,-0.2883,-0.3102
600522,中天科技,-0.7116,0.1136,0.0229,1.0229,-0.2403,-0.2883,0.3232
300037,新宙邦,0.348,-0.0483,0.1395,0.2723,4.2388,3.7504,-0.8262
002100,天康生物,0.2295,0.1321,0.3389,0.7509,-0.2403,-0.2883,0.1819
000623,吉林敖东,-0.4292,0.3574,-0.3375,0.7594,-0.2403,-0.2883,0.1067
002096,南岭民爆,-0.8285,1.2764,0.3266,1.1504,-0.2403,-0.2883,-0.3464
000676,智度股份,2.2997,-1.4754,0.4831,-0.6783,-0.2403,-0.2883,-0.8262
002203,海亮股份,-0.2891,-0.0311,0.0349,0.652,-0.2403,-0.2883,0.336
600843,上工申贝,0.6878,-0.5666,0.4733,-0.3267,-0.2403,-0.2883,-0.8262
600865,百大集团,0.5272,-0.6229,0.3206,0.4632,-0.2403,-0.2883,0.9245
300066,三川智慧,0.607,0.3757,0.2983,2.3411,4.2388,3.7504,0.4335
600780,通宝能源,2.2997,1.5845,2.5053,1.4354,-0.2403,-0.2883,0.5376
002391,长青股份,0.8465,0.7104,0.5046,1.0742,-0.2403,-0.2883,0.5897
600596,新安股份,1.6706,0.1122,0.9964,0.7317,-0.2403,-0.2883,-0.3408
000926,福星股份,0.1721,-0.1459,0.1444,1.6812,-0.2403,-0.2883,0.5126
600824,益民集团,0.3879,0.1633,0.1443,0.3875,-0.2403,-0.2883,0.5672
600114,东睦股份,0.6086,-0.3141,0.32,-0.1127,-0.2403,2.8772,1.9356
002090,金智科技,0.2596,0.1611,0.0271,-0.4493,-0.2403,-0.2883,-0.1342
000031,中粮地产,0.2638,2.8044,-0.0267,0.2925,-0.2403,-0.2883,-0.009
002228,合兴包装,0.4402,0.1738,0.1353,1.2184,-0.2403,-0.2883,1.2554
000938,紫光股份,1.665,0.5237,1.2285,-0.6444,-0.2403,-0.2883,-0.3217
600008,首创股份,0.3356,-0.1031,0.06,0.7155,-0.2403,-0.2883,0.9828
002187,广百股份,-0.1534,-0.1876,0.0886,1.1299,-0.2403,-0.2883,1.5445
600657,信达地产,0.7125,-0.5624,0.4155,1.4833,-0.2403,-0.2883,0.7139
002010,传化智联,0.1266,0.4011,0.0217,-0.2241,-0.2403,-0.2883,-0.2547
000767,漳泽电力,0.2681,0.7907,-0.1784,1.4973,-0.2403,-0.2883,-0.8262
002281,光迅科技,-0.0383,0.9684,0.0989,0.1747,-0.2403,-0.2883,0.2532
600561,江西长运,-0.4449,0.6009,0.0102,1.5564,-0.2403,-0.2883,0.7005
600177,雅戈尔,-0.5749,-0.6257,-0.8112,1.1187,-0.2403,-0.2883,2.5711
600094,大名城,0.0159,2.8044,2.5053,-0.1224,-0.2403,-0.2883,-0.8262
600682,南京新百,0.8117,0.8151,0.5462,-0.5607,-0.2403,-0.2883,0.4183
600995,文山电力,-0.0846,0.0457,-0.1554,0.0672,-0.2403,-0.2883,-0.8262
600880,博瑞传播,-0.6083,-0.2247,-0.1121,2.3274,-0.2403,-0.2883,2.5711
600125,铁龙物流,-0.296,0.5844,-0.3041,0.1431,-0.2403,-0.2883,0.1369
600784,鲁银投资,-0.6374,-0.1542,-0.2814,0.2453,-0.2403,-0.2883,-0.8262
000970,中科三环,-0.257,0.0885,0.3908,-0.103,-0.2403,-0.2883,-0.1124
600143,金发科技,-0.4469,-0.0823,0.1132,0.5189,-0.2403,-0.2883,2.5711
002013,中航机电,0.6302,2.8044,2.5053,0.9787,-0.2403,-0.2883,-0.8262
600649,城投控股,0.7271,-0.8741,0.3716,0.7481,-0.2403,-0.2883,-0.1686
600115,东方航空,-1.1886,-0.42,-0.9267,-0.075,-0.2403,3.0886,-0.8262
600463,空港股份,0.2666,-0.5879,0.0544,-0.1092,-0.2403,-0.2883,0.7209
600079,人福医药,0.0745,1.3305,0.5905,0.6366,-0.2403,-0.2883,-0.5235
600587,新华医疗,0.4167,1.6633,1.5968,1.6614,-0.2403,-0.2883,-0.5587
000151,中成股份,2.2997,0.2428,2.5053,-0.091,-0.2403,-0.2883,-0.8262
002258,利尔化学,0.4376,1.7502,0.2361,-0.0164,-0.2403,-0.2883,-0.8262
600323,瀚蓝环境,-1.2481,0.2677,-0.9682,0.0299,-0.2403,-0.2883,-0.8262
600158,中体产业,0.8929,-1.2308,0.5086,-0.4105,-0.2403,-0.2883,0.1721
002055,得润电子,-0.4017,0.7629,0.6557,-0.3787,-0.2403,-0.2883,-0.2247
002179,中航光电,-0.1457,0.3014,0.3041,-0.4022,-0.2403,-0.2883,-0.1658
000516,国际医学,-0.2642,-0.0771,-0.4052,0.2442,-0.2403,-0.2883,0.4508
600597,光明乳业,0.4531,0.2914,0.6949,-0.2063,-0.2403,-0.2883,0.1234
600363,联创光电,1.0443,-0.184,1.2327,0.096,-0.2403,-0.2883,-0.5233
600101,明星电力,-0.0335,-0.256,-0.1022,0.9356,-0.2403,-0.2883,-0.2348
002056,横店东磁,-0.1718,-0.5534,-0.4397,1.3374,-0.2403,-0.2883,-0.6682
600676,交运股份,0.3854,0.0781,0.4528,0.8723,-0.2403,-0.2883,1.7536
002082,栋梁新材,-0.4397,-0.0085,-0.4857,0.2078,-0.2403,-0.2883,2.5711
002334,英威腾,0.0064,0.4548,-0.1096,0.7829,-0.2403,-0.2883,0.2442
600858,银座股份,1.2099,0.1875,0.8863,1.4387,-0.2403,-0.2883,-0.8262
600804,鹏博士,1.4411,1.8032,1.032,-0.3398,-0.2403,-0.2883,-0.8262
601601,中国太保,0.0894,-0.1442,-0.0946,-0.0809,4.2388,3.2304,1.0846
002331,皖通科技,0.3754,1.3416,0.4548,0.1177,-0.2403,-0.2883,0.2993
000739,普洛药业,2.1949,1.186,2.5053,0.2029,-0.2403,-0.2883,-0.8262
000791,甘肃电投,2.2997,2.8044,2.5053,0.982,-0.2403,-0.2883,-0.8262
000685,中山公用,-0.2629,-0.6745,-0.2727,1.5055,-0.2403,-0.2883,-0.0906
600834,申通地铁,0.3862,-0.9537,0.0968,-0.0128,-0.2403,-0.2883,0.0038
600261,阳光照明,-0.4517,-0.013,0.0871,1.3342,-0.2403,-0.2883,0.1292
600639,浦东金桥,-0.3081,-0.7652,-0.3951,-0.0118,-0.2403,-0.2883,0.2097
600376,首开股份,-0.1693,0.335,-0.2224,0.8153,-0.2403,-0.2883,2.364
600867,通化东宝,0.0924,0.5066,-0.1462,-0.6265,-0.2403,-0.2883,0.6214
000157,中联重科,-0.5087,-0.3848,-0.3759,2.3411,-0.2403,-0.2883,2.5561
300001,特锐德,0.0933,1.1759,-0.129,0.5191,4.2388,3.7504,0.8501
000979,中弘股份,-1.6247,-1.4754,-1.3732,0.957,-0.2403,-0.2883,-0.8262
600498,烽火通信,0.0551,0.17,0.1735,-0.2671,-0.2403,-0.2883,-0.1025
600433,冠豪高新,0.9865,-0.6214,1.6748,0.0703,-0.2403,-0.2883,-0.3449
002339,积成电子,0.6982,0.8819,0.6959,0.1828,-0.2403,-0.2883,-0.8262
000852,石化机械,0.0842,-0.1361,-0.2233,-0.0268,-0.2403,-0.2883,0.6042
002238,天威视讯,0.751,-0.4385,0.4064,0.6457,-0.2403,-0.2883,0.1065
600089,特变电工,-0.2651,0.2185,-0.374,0.7168,-0.2403,-0.2883,0.4077
300041,回天新材,0.0847,0.1028,-0.1654,0.8827,1.8661,3.7504,1.1122
000796,凯撒旅游,0.6965,0.1243,0.3095,-0.4067,-0.2403,-0.2883,-0.8262
600830,香溢融通,0.7109,-0.7989,0.4503,0.3861,-0.2403,-0.2883,-0.0764
300075,数字政通,0.8929,2.4678,0.5202,0.6254,3.2576,3.7504,-0.2817
002247,帝龙文化,0.3124,0.6753,0.6585,0.8632,-0.2403,-0.2883,-0.2051
600353,旭光股份,-0.2839,-0.1567,0.1341,0.5729,-0.2403,-0.2883,-0.8262
600552,凯盛科技,-0.2583,0.176,1.6618,1.6715,-0.2403,-0.2883,-0.8262
000609,绵石投资,1.3694,1.8066,1.194,0.1282,-0.2403,-0.2883,-0.8262
601699,潞安环能,-1.0911,-0.8853,-0.9209,0.9459,-0.2403,-0.2883,2.3823
600626,申达股份,-0.059,-0.4309,-0.2254,0.2351,-0.2403,-0.2883,2.0999
002239,奥特佳,2.2997,-0.4826,2.1076,1.3992,-0.2403,-0.2883,-0.6209
000027,深圳能源,0.0838,-0.717,-0.1421,2.0251,-0.2403,-0.2883,0.9366
600560,金自天正,0.1994,0.0049,0.0674,0.0449,-0.2403,-0.2883,-0.28
000900,现代投资,-0.6288,-0.769,-0.5559,2.3411,-0.2403,-0.2883,2.5711
002150,通润装备,-0.0466,-0.2549,-0.2892,-0.1607,-0.2403,-0.2883,1.2139
000812,陕西金叶,0.4712,-0.1294,0.3005,-0.1602,-0.2403,-0.2883,0.0438
002303,美盈森,0.3051,0.3969,0.0381,1.5753,-0.2403,-0.2883,-0.8262
000529,广弘控股,0.366,0.0298,0.1855,-0.2518,-0.2403,-0.2883,-0.8262
600616,金枫酒业,-0.1266,-0.6193,-0.2986,0.0735,-0.2403,-0.2883,0.4818
600978,宜华生活,0.767,0.2541,0.4056,0.3861,-0.2403,-0.2883,0.1858
600898,国美通讯,-0.1471,-0.8355,0.0097,-0.5942,-0.2403,-0.2883,-0.8262
300036,超图软件,0.2585,0.0973,0.032,0.1512,4.2388,3.7504,-0.8262
002276,万马股份,0.2087,0.9016,0.8005,0.0235,-0.2403,-0.2883,0.268
600148,长春一东,0.4279,-0.8237,0.1896,-0.5885,-0.2403,-0.2883,0.067
002062,宏润建设,-0.6244,-0.2337,-0.736,1.0085,-0.2403,-0.2883,0.8987
000626,远大控股,-0.5556,0.7692,-0.6362,-0.4152,-0.2403,-0.2883,-0.8262
600510,黑牡丹,0.0356,0.2737,-0.1827,1.389,-0.2403,-0.2883,0.8776
600064,南京高科,0.7246,-0.225,0.169,0.9258,-0.2403,-0.2883,1.1396
601607,上海医药,-0.4362,0.7255,0.3835,0.2226,-0.2403,-0.2883,0.5405
600698,湖南天雁,0.2681,-1.4754,-0.1784,-0.6164,-0.2403,-0.2883,-0.8262
600176,中国巨石,-0.4012,-0.5469,0.3147,-0.2042,-0.2403,-0.2883,0.2982
000521,美菱电器,-0.1745,-0.2609,-0.3543,1.3684,-0.2403,-0.2883,0.2171
002311,海大集团,0.1193,0.9654,0.3633,-0.3919,-0.2403,-0.2883,-0.2004
300035,中科电气,0.7817,-0.0801,0.3657,0.9324,4.2388,3.7504,0.8391
002093,国脉科技,-0.0305,-1.4754,-0.1249,-0.4345,-0.2403,-0.2883,-0.8262
600545,卓郎智能,-0.0295,0.838,-0.1974,-0.0422,-0.2403,-0.2883,0.1292
000419,通程控股,-0.24,-0.2197,0.2273,0.5916,-0.2403,-0.2883,2.5711
000790,泰合健康,2.2312,-0.1696,1.6694,-0.3221,-0.2403,-0.2883,-0.5466
300034,钢研高纳,0.9355,0.1316,0.5466,0.3181,4.2388,3.7504,-0.2896
600641,万业企业,0.2681,-0.2908,-0.2506,-0.2064,-0.2403,-0.2883,0.5729
600757,长江传媒,0.2681,2.8044,-0.9225,0.7052,-0.2403,-0.2883,-0.8262
000547,航天发展,2.2997,-0.3817,2.2675,-0.3753,-0.2403,-0.2883,-0.5469
000831,五矿稀土,0.2681,-1.46,-0.1784,-0.2584,-0.2403,-0.2883,-0.8262
600985,雷鸣科化,-0.3248,0.6246,0.2888,0.1082,-0.2403,-0.2883,-0.1332
600017,日照港,0.1186,0.1333,0.556,1.2213,-0.2403,-0.2883,1.4165
002230,科大讯飞,-0.5055,1.4586,1.0844,-0.5495,-0.2403,-0.2883,-0.6055
600455,博通股份,0.2681,-0.7505,-0.1784,-0.7265,-0.2403,-0.2883,-0.8262
002397,梦洁股份,0.1817,0.2453,-0.1013,2.3411,-0.2403,-0.2883,0.8008
600239,云南城投,0.0047,2.8044,-0.2082,1.3377,-0.2403,-0.2883,0.0038
002279,久其软件,0.4461,0.0812,0.0948,0.1698,-0.2403,-0.2883,0.8762
600728,佳都科技,-1.8753,2.2585,-1.0536,-0.1615,-0.2403,-0.2883,-0.8262
000715,中兴商业,0.6212,-0.0615,0.3583,0.4143,-0.2403,-0.2883,0.0376
000404,华意压缩,1.703,-0.022,2.5053,0.8011,-0.2403,-0.2883,-0.8262
600221,海航控股,-0.9952,-0.1037,-0.5322,0.8142,-0.2403,-0.2883,0.9148
600750,江中药业,-0.4939,-0.5626,-0.585,-0.2215,-0.2403,-0.2883,0.7177
002249,大洋电机,-0.6238,0.0349,-0.2392,0.5481,-0.2403,-0.2883,2.5711
002023,海特高新,0.7078,0.712,0.7542,0.3718,-0.2403,-0.2883,0.347
600999,招商证券,-0.3725,-0.8088,-0.5427,-0.0713,-0.2403,-0.2883,0.4403
600969,郴电国际,-0.0589,-0.2307,0.2895,0.6868,-0.2403,-0.2883,-0.8262
002220,天宝食品,-0.6864,-0.2728,-0.0864,0.3727,-0.2403,-0.2883,1.5763
600831,广电网络,0.1823,0.2438,0.0289,0.0657,4.2388,3.7504,-0.411
000040,东旭蓝天,-0.2021,-0.6195,-0.1101,-0.3417,-0.2403,-0.2883,-0.1215
600766,园城黄金,0.2681,-1.4754,-0.1784,-0.8481,-0.2403,-0.2883,-0.8262
600415,小商品城,-0.1665,-0.4525,-0.3155,0.525,-0.2403,-0.2883,0.9038
000723,美锦能源,2.2997,-0.8352,1.7974,-0.2595,-0.2403,-0.2883,-0.8262
002221,东华能源,0.5671,2.4111,1.2484,-0.335,-0.2403,-0.2883,-0.5333
000776,广发证券,-0.8629,-1.062,-0.5322,-0.0597,-0.2403,3.7504,1.1208
600577,精达股份,-0.3272,-0.3097,0.0303,0.7016,-0.2403,-0.2883,-0.8262
002130,沃尔核材,-0.5717,1.1803,-0.0884,-0.0056,-0.2403,-0.2883,-0.3979
600256,广汇能源,-0.7096,-0.2797,-0.0859,0.043,-0.2403,-0.2883,-0.8262
601991,大唐发电,0.2663,-0.321,0.2154,1.2134,-0.2403,-0.2883,1.7636
600497,驰宏锌锗,-0.0892,2.1158,0.0892,0.8037,-0.2403,-0.2883,0.239
000530,大冷股份,0.7533,-0.656,0.3018,1.6584,-0.2403,-0.2883,0.9984
002111,威海广泰,-0.2953,0.3481,0.1922,-0.2406,-0.2403,-0.2883,-0.0666
600827,百联股份,-0.1597,0.2556,1.4369,0.5916,-0.2403,-0.2883,2.5711
600362,江西铜业,-0.4788,0.9377,-0.4954,0.8057,-0.2403,-0.2883,1.631
600678,四川金顶,0.2681,-1.4754,-0.1784,-0.8559,-0.2403,-0.2883,-0.8262
000889,茂业通信,1.1087,0.0192,1.2306,-0.3539,-0.2403,-0.2883,-0.4766
002004,华邦健康,-0.4137,2.8044,0.82,1.6734,-0.2403,-0.2883,0.2073
002139,拓邦股份,-0.7289,-0.5025,-0.7301,-0.2962,-0.2403,-0.2883,1.9527
000783,长江证券,-0.4121,-0.7834,-0.4229,0.7315,-0.2403,3.7504,0.2093
000099,中信海直,0.2986,-0.1622,0.3242,0.3909,-0.2403,-0.2883,-0.1389
600730,中国高科,1.9163,-1.3201,1.8046,0.6891,-0.2403,-0.2883,-0.8262
002345,潮宏基,0.286,1.1262,0.4311,0.505,-0.2403,-0.2883,0.8727
002020,京新药业,1.2957,0.0964,2.0457,-0.08,-0.2403,-0.2883,0.0973
600073,上海梅林,2.2997,2.7594,2.5053,-0.126,-0.2403,-0.2883,-0.3918
600409,三友化工,-0.0358,0.8594,0.3086,-0.1125,-0.2403,-0.2883,1.0487
000703,恒逸石化,2.2997,2.8044,2.5053,-0.4231,-0.2403,-0.2883,-0.8262
000532,华金资本,1.625,-0.9621,0.7733,-0.4825,-0.2403,-0.2883,-0.1206
600718,东软集团,-0.2374,0.0516,-0.3464,-0.1123,-0.2403,-0.2883,-0.8262
000797,中国武夷,0.5682,-0.281,0.2042,-0.0775,-0.2403,-0.2883,0.1007
600814,杭州解百,-0.188,-0.6034,-0.291,-0.1358,-0.2403,-0.2883,0.2993
000078,海王生物,0.5575,0.6279,0.947,-0.0232,-0.2403,-0.2883,-0.8262
600098,广州发展,0.1923,0.4941,0.175,0.796,-0.2403,-0.2883,0.3498
600439,瑞贝卡,0.0598,-0.5978,-0.2103,0.1498,-0.2403,-0.2883,1.4139
601727,上海电气,-0.1478,-0.3004,-0.3167,0.0444,-0.2403,-0.2883,1.2716
600230,沧州大化,0.2179,-0.162,0.0957,-0.5644,-0.2403,-0.2883,0.0631
600666,奥瑞德,-0.0379,0.1105,-0.4226,-0.6799,-0.2403,-0.2883,-0.8262
300055,万邦达,1.343,1.4723,0.8163,0.1497,4.2388,3.7504,-0.3915
600208,新湖中宝,-0.8025,-0.4864,-0.626,0.0738,-0.2403,-0.2883,-0.8262
002378,章源钨业,-0.3358,-0.0724,-0.5091,-0.0392,-0.2403,-0.2883,1.1712
600739,辽宁成大,-0.6964,0.5968,-0.5672,0.2203,-0.2403,-0.2883,-0.8262
600505,西昌电力,-1.2816,-0.2653,-1.0374,-0.0673,-0.2403,-0.2883,-0.4455
600118,中国卫星,-0.2867,0.1477,0.2428,-0.5127,-0.2403,-0.2883,0.108
300010,立思辰,-0.0537,-0.1286,-0.1464,-0.1872,4.2388,3.4555,0.5897
002054,德美化工,-1.2683,-0.5737,-1.1403,-0.1013,-0.2403,-0.2883,0.761
600523,贵航股份,0.4077,-0.4005,0.1072,-0.0077,-0.2403,-0.2883,0.3836
600611,大众交通,-0.1031,-0.9341,-0.44,0.7743,-0.2403,-0.2883,0.6643
000055,方大集团,0.7154,0.0447,0.3198,-0.3673,-0.2403,-0.2883,-0.8262
300078,思创医惠,0.2892,-0.1366,-0.1669,0.8125,4.2388,3.7504,2.5711
002120,韵达股份,0.074,-0.4786,-0.0831,-0.7126,-0.2403,-0.2883,-0.1119
600449,宁夏建材,-1.004,0.3281,-0.7704,0.7735,-0.2403,-0.2883,2.2058
002034,旺能环境,2.2997,-0.56,2.0378,-0.5738,-0.2403,-0.2883,2.3644
300011,鼎汉技术,-0.1679,0.0776,-0.3784,-0.1671,3.3877,3.6674,-0.6795
002341,新纶科技,0.212,1.2009,0.8527,-0.4596,-0.2403,-0.2883,-0.3163
000591,太阳能,1.0256,-0.5893,0.572,-0.2013,-0.2403,-0.2883,-0.8262
600292,远达环保,1.8295,-0.7039,2.5053,0.6476,-0.2403,-0.2883,-0.6831
600348,阳泉煤业,-1.2638,-0.8119,-1.0283,0.7711,-0.2403,-0.2883,0.8008
600035,楚天高速,-0.5098,-0.6247,-0.6141,0.8214,-0.2403,-0.2883,1.4371
600033,福建高速,0.1915,-0.154,-0.1491,0.8202,-0.2403,-0.2883,2.5711
600548,深高速,0.0249,-0.0609,-0.2155,0.2994,-0.2403,-0.2883,2.5711
000428,华天酒店,-0.1376,-0.2385,-0.313,0.4361,-0.2403,-0.2883,-0.8262
002126,银轮股份,-0.9677,-0.2345,-0.4798,0.1685,-0.2403,-0.2883,-0.385
000544,中原环保,-0.4429,0.079,-0.3909,-0.3854,-0.2403,-0.2883,-0.8262
300054,鼎龙股份,0.2468,0.57,0.4515,-0.0964,4.2388,3.7504,0.9159
600783,鲁信创投,-0.9709,-0.5357,-0.8233,-0.201,-0.2403,-0.2883,-0.8262
600305,恒顺醋业,0.1996,-0.7583,0.0443,-0.4669,-0.2403,-0.2883,-0.686
002101,广东鸿图,-0.2045,0.6704,-0.1208,-0.0601,-0.2403,-0.2883,-0.8262
000586,汇源通信,-1.4314,-0.6122,-1.3046,-0.735,-0.2403,-0.2883,-0.8262
600528,中铁工业,-0.9579,-0.0199,-0.9451,-0.1404,-0.2403,-0.2883,0.8555
600054,黄山旅游,-0.7079,-0.8862,-0.6369,-0.178,-0.2403,-0.2883,0.3301
600874,创业环保,0.1258,-0.3925,-0.1375,-0.4175,-0.2403,-0.2883,-0.3326
000919,金陵药业,-0.1658,-0.372,-0.3926,0.2252,-0.2403,-0.2883,1.3104
600776,东方通信,0.5633,-0.291,0.1401,-0.2474,-0.2403,-0.2883,0.8879
600635,大众公用,-0.0718,-0.5452,-0.3024,0.3025,-0.2403,-0.2883,0.8372
600781,辅仁药业,-0.1765,-0.0792,-0.3148,-0.7227,-0.2403,-0.2883,-0.8262
600168,武汉控股,0.2983,0.7393,0.9135,0.8532,-0.2403,-0.2883,-0.2607
002214,大立科技,-0.5043,-0.6816,-0.6194,-0.1439,-0.2403,-0.2883,-0.152
600351,亚宝药业,-0.6453,-0.1282,-0.3804,-0.1224,-0.2403,-0.2883,-0.8262
000722,湖南发展,2.2997,-1.4754,2.4755,0.3207,-0.2403,-0.2883,-0.8262
600675,中华企业,-0.7471,0.8677,-0.7144,0.4409,-0.2403,-0.2883,-0.5718
000608,阳光股份,-0.8936,-1.4754,-0.6075,0.3181,-0.2403,-0.2883,-0.8262
600480,凌云股份,-0.5886,0.2184,-0.7705,-0.1166,-0.2403,-0.2883,2.5711
000883,湖北能源,-0.4361,-0.7373,-0.2757,1.5087,-0.2403,-0.2883,-0.3266
600211,西藏药业,0.1925,-0.2879,-0.0262,-0.7028,-0.2403,-0.2883,-0.8262
000421,南京公用,0.1958,-0.7781,-0.0406,0.1201,-0.2403,-0.2883,0.3323
000060,中金岭南,-0.7193,0.8324,-0.6929,-0.327,-0.2403,-0.2883,0.0234
000823,超声电子,-0.1801,-0.3988,-0.3601,-0.1524,-0.2403,-0.2883,0.6231
002298,中电鑫龙,-0.062,0.0199,0.668,-0.1212,-0.2403,-0.2883,-0.8262
002255,海陆重工,-0.3459,-0.0778,-0.3872,1.0838,-0.2403,-0.2883,-0.4656
000788,北大医药,-1.4587,0.3871,-1.2418,-0.3824,-0.2403,-0.2883,-0.5707
600638,新黄浦,0.1887,0.2334,-0.1054,-0.0427,-0.2403,-0.2883,-0.8262
600736,苏州高新,-0.3563,-1.2743,-0.4847,0.2027,-0.2403,-0.2883,0.2379
000881,中广核技,-0.7657,-0.4619,-0.7722,0.0392,-0.2403,-0.2883,0.6581
600198,大唐电信,-0.5074,0.5914,0.8591,-0.2077,-0.2403,-0.2883,-0.8262
000906,浙商中拓,0.1391,0.1568,-0.1335,-0.0172,-0.2403,-0.2883,-0.8262
300030,阳普医疗,0.7406,1.0256,0.3455,0.2955,4.2388,3.7504,-0.11
600272,开开实业,-0.053,-0.7161,-0.2284,-0.577,-0.2403,-0.2883,-0.8262
000007,全新好,0.2681,0.0341,0.6122,-0.6903,-0.2403,-0.2883,-0.8262
600007,中国国贸,1.6986,0.6065,1.049,-0.2653,-0.2403,-0.2883,0.4528
300064,豫金刚石,0.2723,0.6845,0.0553,-0.5228,0.8327,1.8595,0.3043
601618,中国中冶,-0.4599,-0.7355,-0.7295,0.2648,-0.2403,-0.2883,-0.8262
002155,湖南黄金,-0.3672,0.3815,-0.2429,-0.1656,-0.2403,-0.2883,-0.1071
600395,盘江股份,-1.0845,-0.6051,-1.0909,0.4054,-0.2403,-0.2883,2.5711
000628,高新发展,-0.1473,0.3026,-0.268,-0.6535,-0.2403,-0.2883,-0.8262
002216,三全食品,-0.4851,0.4901,-0.2242,0.2624,-0.2403,-0.2883,0.2069
000983,西山煤电,-1.0759,0.338,-1.0054,0.1749,-0.2403,-0.2883,1.119
600838,上海九百,0.7151,-0.8158,0.3897,-0.4804,-0.2403,-0.2883,1.4805
002225,濮耐股份,-0.481,0.0754,-0.3246,0.1503,-0.2403,-0.2883,-0.0002
002045,国光电器,-0.0806,-0.4569,-0.5219,-0.5315,-0.2403,-0.2883,1.1968
600837,海通证券,-0.0461,-0.584,-0.0824,0.0915,-0.2403,-0.2883,0.6322
600220,江苏阳光,2.1533,-1.1613,0.4362,-0.2585,-0.2403,-0.2883,-0.8262
002369,卓翼科技,-0.2841,0.983,0.0286,0.4594,-0.2403,-0.2883,0.4919
002195,二三四五,-0.7314,-0.1569,-0.5953,0.4599,-0.2403,-0.2883,0.1849
600055,万东医疗,0.1318,-0.2788,-0.1371,-0.4701,-0.2403,-0.2883,-0.8262
600175,美都能源,-0.0211,0.4272,-0.2353,-0.2913,-0.2403,-0.2883,-0.3992
600490,鹏欣资源,-0.3789,1.3396,2.5053,-0.486,-0.2403,-0.2883,-0.8262
600037,歌华有线,0.2552,-0.3995,-0.0879,0.0096,-0.2403,-0.2883,0.8151
000018,神州长城,1.5857,1.4689,0.6386,-0.6245,-0.2403,-0.2883,-0.8262
600236,桂冠电力,-1.1344,-0.4233,-1.1263,-0.3163,-0.2403,-0.2883,0.0542
002026,山东威达,-0.0202,0.0276,-0.1622,-0.0543,-0.2403,-0.2883,-0.1443
000778,新兴铸管,-0.5894,0.259,-0.4483,2.257,-0.2403,-0.2883,2.5711
002333,罗普斯金,0.483,-0.5291,0.1158,-0.1927,-0.2403,-0.2883,1.0348
000798,中水渔业,0.0914,-1.0438,-0.0915,-0.2729,-0.2403,-0.2883,-0.178
600857,宁波中百,0.8402,0.0878,0.5279,-0.3077,-0.2403,-0.2883,-0.1836
600833,第一医药,0.1455,-0.4185,-0.0479,-0.5221,-0.2403,-0.2883,-0.1646
002309,中利集团,-0.0602,1.3659,-0.266,-0.0587,-0.2403,-0.2883,-0.3766
000860,顺鑫农业,-0.3016,-0.03,-0.4718,-0.1724,-0.2403,-0.2883,0.6667
000686,东北证券,-0.7782,-0.6349,-0.2747,0.8452,-0.2403,3.7504,-0.8262
002121,科陆电子,-0.4834,0.0591,-0.5932,-0.0693,-0.2403,-0.2883,-0.5111
600746,江苏索普,1.2113,-0.8113,0.552,-0.5265,-0.2403,-0.2883,-0.8262
000708,大冶特钢,-1.1538,-0.8018,-1.0863,0.3475,-0.2403,-0.2883,2.5711
000965,天保基建,-0.3441,-1.2281,-0.4266,0.4231,-0.2403,-0.2883,-0.8262
000792,盐湖股份,-1.3869,0.2099,-0.2319,0.55,-0.2403,-0.2883,-0.1532
600368,五洲交通,-0.2052,2.8044,-0.29,0.5037,-0.2403,-0.2883,0.2562
600397,安源煤业,0.3222,2.8044,2.3374,1.2522,-0.2403,-0.2883,2.5711
000850,华茂股份,-0.2265,-0.6135,-0.7821,0.5152,-0.2403,-0.2883,0.1819
000413,东旭光电,2.2997,2.8044,2.5053,0.9396,-0.2403,-0.2883,-0.8262
600337,美克家居,0.9976,-0.5239,0.5552,0.6272,-0.2403,-0.2883,-0.1208
000566,海南海药,-0.0034,0.2419,1.106,-0.4064,-0.2403,-0.2883,-0.3507
600100,同方股份,0.3415,-0.32,0.2037,0.1669,-0.2403,-0.2883,0.6517
601588,北辰实业,2.0197,-0.7196,1.3424,0.3225,-0.2403,-0.2883,0.2296
600509,天富能源,0.0349,0.2322,0.5461,0.6437,-0.2403,-0.2883,1.2409
002392,北京利尔,0.3518,0.7266,0.3674,1.1092,-0.2403,-0.2883,-0.0347
600530,交大昂立,0.4615,-0.6121,0.2193,0.5006,-0.2403,-0.2883,0.7973
002011,盾安环境,-0.5187,0.3484,-0.2084,0.1225,-0.2403,-0.2883,1.6536
600613,神奇制药,1.2845,2.8044,2.5053,0.2404,-0.2403,-0.2883,-0.8262
002074,国轩高科,0.1634,0.1471,-0.1131,-0.7015,-0.2403,-0.2883,1.1741
002222,福晶科技,-0.3837,-0.7755,-0.6009,-0.6197,-0.2403,-0.2883,1.182
600210,紫江企业,-1.0378,-0.1793,-1.1349,0.1261,4.2388,-0.2883,2.5711
600841,上柴股份,0.1565,-1.4625,0.2806,-0.2472,-0.2403,-0.2883,-0.5442
601688,华泰证券,-0.4012,-1.058,-0.6041,-0.2699,-0.2403,-0.2883,0.7674
300007,汉威科技,-0.0994,0.3353,-0.2429,-0.0848,4.2388,3.7504,0.1126
002042,华孚时尚,-0.7554,-0.2269,-0.7618,-0.2639,-0.2403,-0.2883,0.7434
600267,海正药业,-0.7023,0.5124,-0.373,-0.1307,-0.2403,-0.2883,-0.1663
002340,格林美,-0.102,2.8044,0.4153,0.0094,-0.2403,-0.2883,0.1023
002017,东信和平,0.609,-0.1339,0.1498,-0.1409,-0.2403,-0.2883,-0.8262
600199,金种子酒,-0.607,0.0495,-0.4157,0.068,-0.2403,-0.2883,0.4169
600960,渤海活塞,-0.8303,-1.2237,-0.8391,0.3491,-0.2403,-0.2883,-0.2238
601989,中国重工,0.086,1.1312,0.5258,0.1611,-0.2403,-0.2883,0.8359
601111,中国国航,-1.4427,-0.3718,-1.2835,-0.1277,-0.2403,-0.2883,1.4323
600088,中视传媒,-0.0998,-0.6035,-0.3444,-0.3679,-0.2403,-0.2883,-0.0426
002151,北斗星通,0.1862,0.9972,-0.1319,-0.6551,-0.2403,-0.2883,-0.376
600990,四创电子,-0.5312,0.1986,-0.0222,-0.6455,-0.2403,-0.2883,-0.4426
000619,海螺型材,-0.1496,-0.6629,-0.3343,0.7046,-0.2403,-0.2883,-0.1506
000612,焦作万方,0.3647,-0.6948,0.8083,0.6673,-0.2403,-0.2883,-0.8262
600568,中珠医疗,-0.3949,0.3569,-0.3481,-0.1266,-0.2403,-0.2883,-0.6781
300067,安诺其,1.0057,1.3077,0.473,0.7022,-0.2403,3.7504,0.6934
002350,北京科锐,0.3782,0.3534,0.0522,0.0774,-0.2403,-0.2883,1.1731
600375,华菱星马,-1.5452,0.2294,-0.258,2.2147,-0.2403,-0.2883,2.5711
000920,南方汇通,0.1412,0.1412,-0.0498,-0.3828,-0.2403,-0.2883,-0.8262
002260,德奥通航,0.9552,-0.9066,0.4007,-0.5321,-0.2403,-0.2883,0.6022
000063,中兴通讯,-0.7688,-0.5834,-0.9706,-0.5375,4.2388,2.0986,0.9753
600529,山东药玻,-0.3663,-0.6665,-0.5117,-0.1359,-0.2403,-0.2883,0.3194
000070,特发信息,-0.1474,0.0104,-0.2001,-0.1327,-0.2403,-0.2883,-0.8262
600787,中储股份,0.0919,0.0619,0.0268,0.1051,-0.2403,-0.2883,0.5929
600030,中信证券,-0.9116,-1.4754,-0.8877,-0.1496,-0.2403,3.7504,2.5711
600482,中国动力,0.7291,0.1729,0.8777,-0.5619,-0.2403,-0.2883,-0.8262
600673,东阳光科,-0.5467,-0.2478,-0.686,-0.1393,-0.2403,-0.2883,-0.2157
002077,大港股份,-0.2305,-0.1448,-0.3261,-0.3761,-0.2403,-0.2883,-0.2603
000593,大通燃气,1.971,0.192,2.5053,-0.2282,-0.2403,-0.2883,0.131
600775,南京熊猫,2.2997,0.0137,2.5053,0.0488,-0.2403,-0.2883,-0.286
000759,中百集团,-0.4274,-0.1103,-0.5559,0.0172,-0.2403,-0.2883,-0.8262
600369,西南证券,-0.0254,-0.6771,-0.4244,0.8484,-0.2403,-0.2883,-0.8262
601666,平煤股份,-1.1397,-0.9978,-1.0831,0.4447,-0.2403,-0.2883,2.2219
600773,西藏城投,-0.8211,-1.1029,-0.6379,-0.5427,-0.2403,-0.2883,-0.446
000731,四川美丰,0.3723,0.3056,0.4231,0.4023,-0.2403,-0.2883,0.6381
600059,古越龙山,0.2229,-0.1487,-0.0213,-0.0852,-0.2403,-0.2883,-0.3348
600500,中化国际,-0.594,-0.412,-0.2776,0.6637,-0.2403,3.7504,1.9519
600796,钱江生化,-0.4804,-0.5106,-0.6451,-0.429,-0.2403,-0.2883,-0.8262
000601,韶能股份,1.5963,-0.5315,1.0993,0.0147,-0.2403,-0.2883,-0.3087
600269,赣粤高速,-0.7744,-0.7291,-0.7922,0.8183,-0.2403,-0.2883,2.2494
000901,航天科技,-0.3529,-0.2118,-0.559,-0.614,-0.2403,-0.2883,-0.3507
600884,杉杉股份,0.9314,-0.0598,0.2934,-0.0841,-0.2403,-0.2883,-0.3462
600662,强生控股,-0.0118,1.1944,0.3104,0.0497,-0.2403,-0.2883,1.8832
002088,鲁阳节能,-0.3772,-0.5079,-0.5243,-0.0309,-0.2403,-0.2883,0.4621
600461,洪城水业,0.183,-0.0824,-0.1095,0.6818,-0.2403,-0.2883,1.972
600187,国中水务,-0.8571,2.213,1.3821,-0.191,-0.2403,-0.2883,-0.8262
600624,复旦复华,0.8853,0.1541,0.3911,-0.3915,-0.2403,-0.2883,-0.4303
600020,中原高速,-0.2551,-0.2512,-0.466,0.2372,-0.2403,-0.2883,-0.4094
002178,延华智能,0.4141,0.6214,0.8704,-0.3277,-0.2403,-0.2883,-0.3576
600477,杭萧钢构,-0.6373,-0.4618,-0.8709,-0.5218,-0.2403,-0.2883,-0.8262
002371,北方华创,-0.3473,-0.5997,0.0829,-0.6088,-0.2403,-0.2883,-0.8262
600468,百利电气,0.0018,-0.2356,-0.2551,-0.5478,-0.2403,-0.2883,-0.8262
002348,高乐股份,0.1193,-0.2643,-0.2196,-0.002,-0.2403,-0.2883,1.6142
600387,海越股份,0.0686,1.6204,-0.1239,-0.3064,-0.2403,-0.2883,-0.8262
002078,太阳纸业,-1.0862,-0.155,-0.9166,-0.1494,-0.2403,-0.2883,0.978
600029,南方航空,-1.268,-0.2892,-1.1556,-0.3062,-0.2403,-0.2883,2.5711
002352,顺丰控股,1.059,0.0739,0.4254,-0.5471,-0.2403,-0.2883,2.5711
600297,广汇汽车,2.2776,-1.4754,1.5892,-0.2684,-0.2403,-0.2883,-0.8262
300006,莱美药业,-0.1924,0.64,0.1824,0.752,4.2388,3.7504,-0.3148
600575,皖江物流,2.2997,2.8044,2.5053,-0.0006,-0.2403,-0.2883,0.6286
002199,东晶电子,-0.5906,-1.0712,-0.0947,-0.4985,-0.2403,-0.2883,0.4084
600537,亿晶光电,0.2681,2.8044,-0.1784,0.0764,-0.2403,-0.2883,-0.8262
000705,浙江震元,0.7226,-0.1733,1.2382,0.6695,-0.2403,-0.2883,-0.8262
600986,科达股份,2.0815,-0.7885,1.3312,-0.5182,-0.2403,-0.2883,-0.8262
000652,泰达股份,-0.7176,-0.0151,-0.9926,-0.3263,-0.2403,-0.2883,-0.8262
000830,鲁西化工,-0.266,-0.0417,0.2294,-0.5468,-0.2403,-0.2883,1.3763
002159,三特索道,-0.0502,-0.6823,-0.1274,-0.3869,-0.2403,-0.2883,-0.8262
000903,云内动力,0.3377,-0.5293,-0.0814,1.1926,-0.2403,-0.2883,0.1643
600895,张江高科,-0.2035,-0.0817,-0.4297,-0.3573,-0.2403,-0.2883,2.5044
300062,中能电气,-0.1588,0.458,-0.3779,0.3625,4.2388,3.7504,0.8284
300052,中青宝,0.7234,2.357,0.2244,-0.4396,4.2388,3.0261,-0.4245
600980,北矿科技,2.2997,-1.1496,1.9601,-0.6484,-0.2403,-0.2883,-0.8262
000524,岭南控股,2.2997,-0.408,2.0784,-0.5138,-0.2403,-0.2883,-0.8262
000816,智慧农业,-0.5148,-0.3797,-0.5805,-0.0012,-0.2403,3.7504,-0.6088
601007,金陵饭店,-0.5339,-0.6352,-0.6095,-0.1572,-0.2403,-0.2883,-0.8262
600298,安琪酵母,-1.214,0.0195,-0.803,-0.484,4.2388,2.8043,0.258
002349,精华制药,-0.2428,1.2818,-0.3616,-0.1874,-0.2403,-0.2883,-0.3802
300004,南风股份,-0.3263,-0.3752,-0.4713,-0.1721,4.2388,3.7504,-0.3256
600233,圆通速递,-1.0518,-1.1804,-1.02,-0.2436,-0.2403,-0.2883,0.3835
300061,康旗股份,0.5556,1.0918,0.1164,-0.4181,4.2388,3.2953,-0.8262
600019,宝钢股份,-0.7693,-0.8088,-0.9091,0.3348,-0.2403,-0.2883,2.5711
600758,红阳能源,0.0013,-0.2524,-0.2312,-0.5326,4.2388,2.6118,-0.8262
600200,江苏吴中,0.9222,-0.4648,0.4467,-0.6542,-0.2403,-0.2883,-0.8262
002332,仙琚制药,-0.6413,0.0941,-0.8187,-0.1597,-0.2403,-0.2883,1.1029
002351,漫步者,0.0041,-0.665,-0.311,0.2765,-0.2403,-0.2883,2.0306
000910,大亚圣象,-0.3965,-0.4059,-0.5437,-0.5662,-0.2403,-0.2883,-0.4441
000785,武汉中商,-0.5691,-0.4361,-0.63,-0.34,-0.2403,-0.2883,-0.8262
600692,亚通股份,0.2681,0.5518,-0.1784,-0.6715,-0.2403,-0.2883,-0.8262
000630,铜陵有色,-0.8562,0.0193,-0.6167,2.3411,-0.2403,-0.2883,-0.1475
300079,数码科技,-0.143,-0.5297,-0.2679,2.0352,4.2388,3.7504,-0.0763
600979,广安爱众,-0.0315,0.2328,0.2175,-0.2006,-0.2403,-0.2883,-0.8262
600460,士兰微,-1.0295,-0.5709,-0.9108,-0.6076,-0.2403,-0.2883,0.351
002036,联创电子,1.0457,-0.2856,0.4419,-0.7149,-0.2403,-0.2883,-0.1671
002197,证通电子,-0.7858,0.0482,-0.174,-0.1952,-0.2403,-0.2883,0.4557
000801,四川九洲,-0.0371,-1.1854,0.2945,-0.1174,-0.2403,-0.2883,-0.8262
600166,福田汽车,-1.2907,-1.4125,-0.8877,2.2366,-0.2403,-0.2883,-0.8262
000917,电广传媒,-0.9537,-1.0208,-0.0018,0.9603,-0.2403,-0.2883,-0.3223
000488,晨鸣纸业,-0.4123,-0.4031,-0.6538,-0.2532,-0.2403,-0.2883,2.5711
002019,亿帆医药,0.2681,0.4495,-0.1784,-0.6993,-0.2403,-0.2883,-0.8262
601008,连云港,-0.0089,-0.2832,0.2335,0.4973,-0.2403,-0.2883,0.1617
000616,海航投资,-1.0988,-0.9846,-1.0223,0.5356,-0.2403,-0.2883,-0.5377
600714,金瑞矿业,-0.546,0.0499,-0.5956,-0.5919,-0.2403,-0.2883,-0.8262
600873,梅花生物,-1.0813,0.1056,-0.8076,-0.0898,-0.2403,-0.2883,1.0329
600973,宝胜股份,-0.4766,0.2903,-0.1213,0.6837,-0.2403,-0.2883,-0.8262
300038,梅泰诺,0.8141,1.0361,0.6097,-0.6713,-0.2403,1.4217,-0.0947
000750,国海证券,0.2681,2.8044,-0.1784,0.0448,-0.2403,-0.2883,-0.2997
000886,海南高速,0.291,-1.0017,-0.0297,-0.2812,-0.2403,-0.2883,-0.8262
300069,金利华电,0.0663,-0.0755,-0.2871,-0.69,4.2388,1.3472,-0.8262
002254,泰和新材,-1.0415,-0.3995,-1.1496,-0.4486,-0.2403,-0.2883,1.7013
002296,辉煌科技,-0.9552,0.1018,-0.3777,0.6947,-0.2403,-0.2883,0.1643
600651,飞乐音响,-0.4804,-0.0402,-0.6437,-0.6114,-0.2403,-0.2883,-0.4872
600128,弘业股份,-0.009,-0.394,-0.2895,0.0526,-0.2403,-0.2883,0.3551
600157,永泰能源,-1.2295,1.9681,1.4963,1.7255,-0.2403,-0.2883,2.5711
300046,台基股份,-0.6112,-1.023,-0.8286,-0.4235,4.2388,3.6473,2.5711
002278,神开股份,-0.2319,0.3203,-0.4998,-0.4402,-0.2403,-0.2883,1.0705
600356,恒丰纸业,-0.2431,-0.2646,-0.2806,0.2574,-0.2403,-0.2883,-0.8262
600122,宏图高科,-0.0555,-0.0842,-0.0544,-0.0797,-0.2403,-0.2883,-0.8262
002382,蓝帆医疗,0.3633,0.7847,-0.0149,-0.4915,-0.2403,-0.2883,-0.5802
600379,宝光股份,0.2563,-0.7079,-0.088,-0.6559,-0.2403,-0.2883,-0.8262
300044,赛为智能,0.2332,0.9893,-0.0293,-0.6162,0.0864,2.0371,0.5173
600459,贵研铂业,-0.4468,1.4627,0.3423,-0.2619,-0.2403,-0.2883,-0.5653
000021,深科技,-0.5662,-1.2238,-0.6721,-0.3164,-0.2403,-0.2883,1.6657
000014,沙河股份,-0.9932,-1.1345,-0.9903,-0.5354,-0.2403,-0.2883,-0.5878
002173,创新医疗,-0.2977,-0.6615,-0.374,-0.5675,-0.2403,-0.2883,-0.1471
600109,国金证券,-1.0476,-0.8047,-0.5,-0.0803,-0.2403,-0.2883,-0.2927
000909,数源科技,0.4388,0.2881,0.2133,-0.5363,-0.2403,-0.2883,0.5303
002080,中材科技,-0.4277,-0.1798,-0.6552,-0.5195,-0.2403,-0.2883,0.1769
002246,北化股份,0.6696,0.0368,0.7909,-0.3429,-0.2403,-0.2883,-0.1663
600734,实达集团,-1.0219,-1.4754,-1.2771,-0.8161,-0.2403,-0.2883,-0.8262
002374,丽鹏股份,-0.0517,0.2391,0.0667,0.4301,-0.2403,-0.2883,-0.8262
600533,栖霞建设,-0.3721,-1.3041,-0.6603,0.1462,-0.2403,-0.2883,2.0752
600278,东方创业,-0.0979,0.996,0.051,-0.2523,-0.2403,-0.2883,-0.202
600879,航天电子,0.0984,-0.1121,0.21,0.171,-0.2403,-0.2883,0.4259
000738,航发控制,-0.3328,0.3188,0.0207,-0.4324,-0.2403,-0.2883,-0.8262
300068,南都电源,0.8189,1.0464,0.3492,-0.3794,4.2388,3.7504,-0.127
600050,中国联通,1.885,0.3178,1.1087,-0.1264,-0.2403,-0.2883,0.1349
002200,云投生态,1.1785,-0.3232,-0.0809,-0.5849,-0.2403,-0.2883,-0.8262
600219,南山铝业,0.0657,0.1458,-0.1618,2.3411,-0.2403,-0.2883,-0.8262
600765,中航重机,-0.4963,0.0702,-0.576,-0.3397,-0.2403,-0.2883,-0.6559
002329,皇氏集团,-0.3895,1.0432,-0.6139,-0.0597,-0.2403,-0.2883,0.1483
600602,云赛智联,-0.2964,0.806,-0.463,-0.434,-0.2403,-0.2883,-0.8262
000657,中钨高新,1.3156,2.8044,2.5053,-0.0824,-0.2403,-0.2883,-0.8262
600890,中房股份,0.2681,2.8044,-0.1784,-0.7997,-0.2403,-0.2883,-0.8262
600173,卧龙地产,-1.3518,-1.4754,-1.3608,-0.4233,-0.2403,-0.2883,-0.8262
002057,中钢天源,0.3535,-1.4754,0.6844,-0.3251,-0.2403,-0.2883,-0.8262
002343,慈文传媒,-0.5236,-0.6027,-0.7187,-0.6299,-0.2403,-0.2883,2.3663
600971,恒源煤电,-1.2704,-0.4348,-1.1584,0.0345,-0.2403,-0.2883,-0.8262
600609,金杯汽车,-1.8753,-0.3548,-1.669,-0.7851,-0.2403,-0.2883,-0.8262
300053,欧比特,0.0125,-0.9527,-0.2497,-0.5956,1.7199,2.4007,-0.0642
600619,海立股份,-0.6086,-0.6435,-0.499,-0.422,-0.2403,-0.2883,0.4906
600711,盛屯矿业,1.1385,2.8044,2.0806,-0.0522,-0.2403,-0.2883,-0.8262
002144,宏达高科,-0.1181,-0.0521,0.6536,0.2255,-0.2403,-0.2883,0.3669
600405,动力源,-0.7872,-0.6533,-0.6597,-0.2693,-0.2403,-0.2883,-0.8262
000713,丰乐种业,-0.6075,-0.4949,-0.7009,0.0239,-0.2403,-0.2883,-0.5061
002021,中捷资源,-0.092,-0.0791,-0.3473,-0.3451,-0.2403,-0.2883,-0.309
600489,中金黄金,-1.5218,-0.0822,-1.037,-0.394,-0.2403,-0.2883,-0.555
002102,冠福股份,0.2681,1.3586,-0.1784,-0.4249,-0.2403,-0.2883,-0.8262
002087,新野纺织,-0.0551,-0.1575,-0.2991,-0.0257,-0.2403,-0.2883,0.3476
000728,国元证券,-0.2148,-0.9051,-0.5065,0.0829,-0.2403,-0.2883,0.2147
000572,海马汽车,-0.1891,-0.6929,-0.405,0.3281,-0.2403,-0.2883,-0.8262
000622,恒立实业,0.2681,0.0317,-0.1784,-0.7524,-0.2403,-0.2883,-0.8262
600516,方大炭素,-1.1186,-0.6194,-0.6971,-0.7315,-0.2403,-0.2883,2.1511
600661,新南洋,1.6883,-0.6822,0.8254,-0.7664,-0.2403,-0.2883,-0.8262
000036,华联控股,-1.0951,-1.4754,-1.1136,-0.656,-0.2403,-0.2883,-0.8262
600293,三峡新材,-0.2838,-0.3624,-0.6099,-0.5225,-0.2403,-0.2883,-0.8262
002112,三变科技,-0.7026,-0.6089,-0.9245,-0.6987,-0.2403,-0.2883,-0.8262
600861,北京城乡,0.4887,-0.1285,0.0659,0.0851,-0.2403,-0.2883,1.2325
600515,海航基础,-1.8753,0.8437,-0.9016,-0.6524,-0.2403,-0.2883,-0.8262
600038,中直股份,-0.5984,2.7974,0.6804,-0.5031,-0.2403,-0.2883,-0.3949
000877,天山股份,-1.1234,-0.1552,-0.7385,-0.016,-0.2403,-0.2883,2.5711
002086,东方海洋,-0.2735,-0.7244,-0.4314,-0.2941,-0.2403,-0.2883,1.3097
600313,农发种业,-0.7663,2.8044,-0.327,0.3408,-0.2403,-0.2883,-0.8262
000929,兰州黄河,-1.3867,-0.455,-1.3414,-0.4988,-0.2403,-0.2883,-0.8262
002363,隆基机械,-0.2077,-0.3421,-0.1083,0.547,-0.2403,-0.2883,-0.1519
002243,通产丽星,-1.2859,0.1548,-0.6241,-0.0999,-0.2403,-0.2883,0.3596
601898,中煤能源,-0.7536,-0.4495,-0.797,0.5411,-0.2403,-0.2883,2.4072
002266,浙富控股,-1.0446,-0.9491,-0.5844,-0.2605,-0.2403,-0.2883,-0.2587
000592,平潭发展,-0.4192,0.3121,-0.6323,-0.6027,-0.2403,-0.2883,-0.8262
600448,华纺股份,0.0033,-0.5233,-0.354,-0.5649,-0.2403,-0.2883,-0.8262
000008,神州高铁,2.2997,2.8044,2.5053,-0.6083,-0.2403,-0.2883,-0.8262
002069,獐子岛,-1.6554,-0.4415,-1.3956,-0.3044,-0.2403,-0.2883,2.282
601999,出版传媒,-0.6286,-0.7021,-0.7621,-0.3236,-0.2403,-0.2883,-0.8262
600683,京投发展,-1.2757,-1.3151,-1.2703,-0.3744,-0.2403,-0.2883,-0.8262
600192,长城电工,1.0133,-0.2009,1.0261,0.1008,-0.2403,-0.2883,-0.8262
002366,台海核电,-0.6935,-0.7893,-0.8941,-0.615,-0.2403,-0.2883,2.5711
002288,超华科技,0.1541,2.6012,0.7619,-0.2142,-0.2403,-0.2883,-0.6183
600458,时代新材,-1.1463,0.4002,-0.6556,-0.1731,-0.2403,-0.2883,0.1549
600467,好当家,-0.8845,-0.3029,-0.3972,0.7809,-0.2403,-0.2883,-0.0042
600855,航天长峰,0.2681,0.4645,-0.1784,-0.6774,-0.2403,-0.2883,-0.8262
000636,风华高科,-0.7987,-0.5414,-1.0103,-0.5122,-0.2403,-0.2883,0.5508
002390,信邦制药,0.2501,0.3919,-0.1112,0.0294,-0.2403,-0.2883,-0.4157
000973,佛塑科技,-1.1376,-1.059,-0.9005,-0.4492,-0.2403,-0.2883,-0.2814
600495,晋西车轴,0.5716,0.203,1.0079,0.83,-0.2403,-0.2883,-0.5267
601003,柳钢股份,-1.0507,-0.7137,-1.119,-0.5455,-0.2403,-0.2883,-0.8262
000885,同力水泥,-0.9315,-0.0428,-0.7985,-0.5823,-0.2403,-0.2883,-0.8262
600807,天业股份,-1.6299,-0.5739,-1.4956,-0.6905,-0.2403,-0.2883,-0.8262
600466,蓝光发展,-0.3074,-0.4263,-0.4941,-0.7526,-0.2403,-0.2883,-0.8262
000564,供销大集,-0.5596,0.2458,-0.1049,-0.0016,-0.2403,-0.2883,-0.8262
002073,软控股份,-1.3101,0.2649,-1.13,-0.1949,-0.2403,-0.2883,-0.5889
000802,北京文化,1.5605,-0.7272,2.5053,-0.6679,-0.2403,-0.2883,-0.6004
600151,航天机电,-0.134,-0.1632,-0.136,-0.3675,-0.2403,-0.2883,-0.8262
600713,南京医药,2.2997,-0.3481,1.7167,-0.5688,-0.2403,-0.2883,-0.8262
000993,闽东电力,-0.4661,1.7968,-0.681,-0.2162,-0.2403,-0.2883,-0.551
002319,乐通股份,-0.3862,-0.3824,-0.5905,-0.6821,-0.2403,-0.2883,0.1244
000507,珠海港,-1.2785,1.9353,-0.9255,-0.4918,-0.2403,-0.2883,0.3546
600819,耀皮玻璃,-0.8716,-0.8281,-0.6498,0.0033,-0.2403,-0.2883,-0.4483
000736,中交地产,-0.8545,0.6079,-0.8791,-0.5167,-0.2403,-0.2883,-0.8262
002337,赛象科技,-0.5739,-0.2172,-0.783,0.6301,-0.2403,-0.2883,0.3403
600279,重庆港九,0.2127,-0.483,0.061,0.3643,-0.2403,-0.2883,0.0174
002131,利欧股份,-1.4176,0.0919,-0.8153,1.2569,-0.2403,-0.2883,-0.8262
601002,晋亿实业,-1.1722,-0.8716,-1.078,-0.5349,-0.2403,-0.2883,-0.8262
600614,鹏起科技,-0.7411,0.2361,-0.8134,-0.6934,-0.2403,-0.2883,-0.8262
002123,梦网集团,-1.4073,-0.5041,-1.2545,-0.4023,-0.2403,-0.2883,-0.8262
000911,南宁糖业,-1.1716,-0.4803,-1.2918,-0.2823,-0.2403,-0.2883,0.6581
002355,兴民智通,-0.7371,-0.772,-0.4879,-0.4424,-0.2403,-0.2883,-0.6041
600707,彩虹股份,2.2997,-1.4754,2.4365,-0.4639,-0.2403,-0.2883,-0.8262
600839,四川长虹,0.5733,-0.0782,0.4676,0.1388,-0.2403,-0.2883,-0.8262
000096,广聚能源,-0.1578,-1.4343,-0.427,-0.5689,-0.2403,-0.2883,0.6265
600558,大西洋,-0.3518,-0.7179,-0.5753,0.2015,-0.2403,-0.2883,0.0048
300021,大禹节水,-0.5905,0.8432,-0.6935,-0.5802,4.2388,3.2436,-0.8262
600997,开滦股份,-1.3279,-0.4831,-1.2398,0.1397,-0.2403,-0.2883,1.2835
002046,轴研科技,-0.8304,-0.309,-0.4079,-0.3827,-0.2403,-0.2883,-0.1628
002162,悦心健康,0.211,-0.8929,-0.606,-0.5692,-0.2403,-0.2883,-0.8262
600152,维科精华,-0.5826,-1.4754,-0.8921,-0.4724,-0.2403,-0.2883,0.5641
600981,汇鸿集团,-0.7487,0.1053,-0.9373,-0.5462,-0.2403,-0.2883,0.0442
000576,广东甘化,0.2681,-0.4625,-0.1784,-0.7135,-0.2403,-0.2883,-0.8262
002380,科远股份,-0.4595,-0.6012,-0.6574,0.0302,-0.2403,-0.2883,0.1538
000585,东北电气,2.2997,-1.4754,2.3443,-0.804,-0.2403,-0.2883,-0.8262
600567,山鹰纸业,-0.9182,0.3553,-0.0535,-0.2631,-0.2403,-0.2883,-0.8262
600321,正源股份,0.4147,0.0026,0.5584,-0.42,4.2388,3.7504,-0.8262
000502,绿景控股,0.2681,-1.4754,-0.1784,-0.767,-0.2403,-0.2883,-0.8262
002113,天润数娱,0.2681,-1.4754,-0.1784,-0.8011,-0.2403,-0.2883,-0.8262
600615,丰华股份,-0.4327,-1.4754,-0.7488,-0.6561,-0.2403,-0.2883,-0.8262
600222,太龙药业,0.0361,-0.0552,0.2642,-0.3921,-0.2403,-0.2883,-0.8262
600400,红豆股份,-0.0931,-0.5056,-0.396,-0.4831,-0.2403,-0.2883,-0.2928
002323,雅百特,-0.5163,-0.1745,-0.7458,0.5072,-0.2403,-0.2883,2.5711
601099,太平洋,-1.0379,-1.2309,-1.0715,-0.4666,-0.2403,3.7504,-0.2249
000935,四川双马,-0.6911,1.7004,0.6487,-0.6872,-0.2403,-0.2883,-0.8262
600160,巨化股份,-1.7457,0.3773,-0.9435,-0.3584,-0.2403,-0.2883,2.5711
002079,苏州固锝,-1.1845,-0.7005,-0.6495,-0.6419,-0.2403,-0.2883,0.3601
600179,安通控股,0.6525,-0.6296,-0.6247,-0.848,-0.2403,-0.2883,-0.8262
600343,航天动力,0.8603,0.9619,1.2329,-0.2386,-0.2403,-0.2883,-0.8262
600520,文一科技,0.5985,0.1178,0.0057,-0.7861,-0.2403,-0.2883,-0.8262
600536,中国软件,-0.6652,-0.7288,-0.5482,-0.3113,-0.2403,-0.2883,0.1007
002135,东南网架,-0.6882,-0.4096,-0.3685,-0.5124,-0.2403,-0.2883,-0.1003
000663,永安林业,1.0033,0.0982,0.1429,-0.806,-0.2403,-0.2883,-0.8262
000607,华媒控股,0.2681,0.5018,-0.1784,-0.7265,-0.2403,-0.2883,-0.8262
600630,龙头股份,-0.0009,-0.4015,-0.278,-0.5157,-0.2403,-0.2883,-0.8262
000037,深南电A,0.2681,-1.2898,-0.1784,-0.4603,-0.2403,-0.2883,-0.8262
600961,株冶集团,2.2997,-0.2602,0.1307,-0.7302,-0.2403,-0.2883,-0.8262
002283,天润曲轴,-1.2764,-0.4938,-0.9011,0.1498,-0.2403,-0.2883,-0.362
600300,维维股份,-0.5438,-0.5966,-0.7679,-0.5336,-0.2403,-0.2883,0.1257
600640,号百控股,0.2681,2.8044,-0.1784,-0.5442,-0.2403,-0.2883,-0.8262
002172,澳洋科技,-0.753,-0.95,-1.4565,-0.6743,-0.2403,-0.2883,-0.8262
600058,五矿发展,-0.1195,0.0988,-0.4946,-0.1694,-0.2403,-0.2883,0.7002
000996,中国中期,0.1976,-0.4487,0.0952,-0.7205,-0.2403,-0.2883,-0.8262
600188,兖州煤业,-1.7919,0.2715,-1.669,-0.3815,4.2388,3.7504,2.5711
000880,潍柴重机,-1.7727,-0.9277,-1.5437,-0.4003,-0.2403,-0.2883,-0.1524
600218,全柴动力,-0.9849,-0.3799,-1.057,-0.3392,-0.2403,-0.2883,-0.8262
600501,航天晨光,-0.6151,-0.0665,-0.7581,-0.5954,-0.2403,-0.2883,-0.1488
002083,孚日股份,-0.645,-0.625,-0.8366,-0.4025,-0.2403,-0.2883,0.7617
600291,西水股份,2.2997,-1.4754,1.7685,-0.649,-0.2403,-0.2883,-0.8262
600322,天房发展,-0.4525,-0.9135,-0.6187,-0.2325,-0.2403,-0.2883,1.4212
600485,信威集团,-0.8951,-1.0105,-1.0499,-0.6403,-0.2403,-0.2883,-0.8262
002330,得利斯,0.1288,-0.0556,-0.2324,-0.564,-0.2403,-0.2883,1.053
000551,创元科技,-0.3711,-0.7161,-0.6005,-0.4886,-0.2403,-0.2883,0.1534
002202,金风科技,-1.5406,-1.2763,-1.5225,-0.6064,-0.2403,-0.2883,0.1221
600606,绿地控股,-1.2106,-1.3719,-1.1949,-0.4462,-0.2403,-0.2883,0.0905
002168,深圳惠程,-0.7033,-0.3415,-0.8133,-0.7672,-0.2403,-0.2883,-0.0287
002270,华明装备,-0.2351,-0.4403,-0.4981,-0.5378,-0.2403,-0.2883,-0.8262
600053,九鼎投资,2.2997,0.9113,1.6405,-0.8046,-0.2403,-0.2883,-0.8262
000990,诚志股份,1.6077,-0.2713,0.8901,-0.5317,-0.2403,-0.2883,-0.265
600774,汉商集团,0.4561,-0.1515,0.0727,-0.6954,-0.2403,-0.2883,-0.8262
601168,西部矿业,-0.983,-0.1417,-1.0974,-0.3238,-0.2403,-0.2883,0.6624
600189,吉林森工,-0.0925,-0.7891,-0.4198,-0.3445,-0.2403,-0.2883,2.5711
600526,菲达环保,0.7673,-0.2992,1.4681,-0.179,-0.2403,-0.2883,-0.8262
002290,中科新材,-1.1328,-0.6547,-1.1792,-0.5214,-0.2403,-0.2883,0.1081
600241,时代万恒,0.7221,-1.1518,0.0643,-0.612,-0.2403,-0.2883,-0.8262
600052,浙江广厦,-0.616,-0.9549,-0.9357,-0.3967,-0.2403,-0.2883,-0.8262
000768,中航飞机,-0.0065,0.2174,-0.1624,-0.6173,-0.2403,-0.2883,-0.8262
000610,西安旅游,-0.6838,-0.4845,-0.7963,-0.6831,-0.2403,-0.2883,-0.8262
000681,视觉中国,2.2997,2.8044,2.5053,-0.8514,-0.2403,-0.2883,-0.8262
300048,合康新能,-0.8509,0.2992,-0.9271,0.1813,-0.2403,3.7504,0.8527
000727,华东科技,0.2681,-0.3244,-0.1784,-0.4891,-0.2403,-0.2883,-0.8262
002342,巨力索具,-1.0327,-0.4198,-1.0765,-0.5428,-0.2403,-0.2883,-0.8262
002212,南洋股份,-0.997,-0.7236,-1.0437,-0.7182,-0.2403,-0.2883,0.3647
000606,神州易桥,2.2997,-1.4754,2.5053,-0.6467,-0.2403,-0.2883,-0.8262
000401,冀东水泥,-1.6218,-0.0667,-1.3491,-0.2857,-0.2403,-0.2883,-0.8262
600483,福能股份,0.0071,-0.6705,-0.3531,-0.5959,-0.2403,-0.2883,1.2019
600277,亿利洁能,-0.647,0.4203,-0.4422,-0.183,-0.2403,-0.2883,0.0259
002190,成飞集成,-1.062,1.1959,-0.2849,-0.6649,-0.2403,-0.2883,0.0664
600328,兰太实业,-0.4818,-0.0704,-0.621,-0.5904,-0.2403,-0.2883,-0.3416
002182,云海金属,0.0783,-0.2203,-0.2878,-0.5503,-0.2403,-0.2883,-0.2173
600213,亚星客车,0.1523,0.4187,-0.4084,-0.8229,-0.2403,-0.2883,-0.8262
002132,恒星科技,-1.0159,-0.8098,-1.1042,-0.4977,-0.2403,-0.2883,-0.8262
600190,锦州港,-0.6529,0.7713,-0.5159,-0.1005,-0.2403,-0.2883,-0.8262
300051,三五互联,-0.8315,0.2663,-1.022,-0.7517,4.2388,1.8538,0.1551
600592,龙溪股份,-1.005,-0.616,-0.7519,-0.4398,-0.2403,-0.2883,0.22
600589,广东榕泰,-0.8971,-1.1899,-0.9717,-0.4106,-0.2403,-0.2883,-0.5189
002156,通富微电,-0.8108,-0.662,-0.9366,-0.6306,-0.2403,-0.2883,-0.4441
002141,贤丰控股,-0.546,-0.6718,-0.757,-0.6529,-0.2403,-0.2883,-0.8262
000670,盈方微,-0.5591,-0.6449,-0.7522,-0.7793,-0.2403,-0.2883,-0.8262
002313,日海通讯,-1.3115,0.943,-0.799,-0.7134,-0.2403,-0.2883,-0.8262
600565,迪马股份,-0.5764,0.2601,-0.6626,-0.5227,-0.2403,-0.2883,-0.5258
600393,粤泰股份,-1.0531,-1.4754,-1.1197,-0.5036,-0.2403,-0.2883,-0.8262
600288,大恒科技,-1.2298,-0.8855,-1.2111,-0.5872,-0.2403,-0.2883,0.3949
600889,南京化纤,-1.4095,0.6759,-1.3768,-0.5706,-0.2403,-0.2883,-0.8262
600818,中路股份,-0.8423,-0.6272,-0.9549,-0.8426,-0.2403,-0.2883,-0.8262
600671,天目药业,0.2681,-0.3781,-0.1784,-0.8575,-0.2403,-0.2883,-0.8262
002118,紫鑫药业,-1.3307,-1.1926,-1.2357,-0.4929,-0.2403,-0.2883,-0.8262
000939,凯迪生态,-1.6286,-1.3689,-1.4456,-0.4295,-0.2403,-0.2883,0.8723
000633,合金投资,1.1692,0.1074,0.5225,-0.8205,-0.2403,-0.2883,-0.8262
000825,太钢不锈,-0.8236,-0.374,-0.8959,-0.2109,-0.2403,-0.2883,0.7495
000426,兴业矿业,0.2681,0.7127,-0.1784,-0.4393,-0.2403,-0.2883,-0.2625
300032,金龙机电,-0.5478,0.3939,-0.7807,-0.7215,-0.2403,2.5026,0.0786
002194,武汉凡谷,-1.3178,-0.4792,-1.3975,-0.5844,-0.2403,-0.2883,-0.8262
600135,乐凯胶片,2.2997,-0.2676,2.5053,-0.6774,-0.2403,-0.2883,-0.8262
600836,界龙实业,-0.3829,-0.2575,-0.6356,-0.693,-0.2403,-0.2883,-0.8262
600821,津劝业,1.398,-0.0262,0.7333,-0.736,-0.2403,-0.2883,-0.8262
000936,华西股份,-1.2841,-1.3146,-1.3486,-0.5939,-0.2403,-0.2883,2.0588
002188,巴士在线,1.1238,-1.4754,0.4592,-0.7639,-0.2403,-0.2883,-0.8262
000851,高鸿股份,1.1049,1.0788,1.5309,-0.5066,-0.2403,-0.2883,-0.8262
002119,康强电子,-1.3578,-0.3473,-1.3375,-0.7414,-0.2403,-0.2883,-0.8262
600586,金晶科技,-1.5617,-0.5344,-1.2699,-0.366,-0.2403,-0.2883,-0.1208
600825,新华传媒,-1.2284,-1.0671,-1.2227,-0.5593,-0.2403,-0.2883,0.0381
002395,双象股份,-0.8116,-0.5564,-0.9666,-0.5918,-0.2403,-0.2883,1.3391
600082,海泰发展,-0.3965,-0.647,-0.6595,-0.5421,-0.2403,-0.2883,0.5039
002354,天神娱乐,0.1189,-0.2044,-0.207,-0.6617,-0.2403,-0.2883,0.2834
002061,浙江交科,-1.3153,-0.5086,-0.7053,-0.6919,-0.2403,-0.2883,-0.8262
000717,韶钢松山,2.2997,-0.6712,1.9931,-0.6959,-0.2403,-0.2883,-0.8262
600319,亚星化学,2.1459,-1.116,0.0362,-0.7845,-0.2403,-0.2883,-0.8262
600290,华仪电气,-1.5775,-0.8884,-1.0388,-0.689,-0.2403,-0.2883,-0.8262
002149,西部材料,-0.5704,-0.8538,-0.8187,-0.485,-0.2403,-0.2883,-0.8262
000813,德展健康,0.8803,0.5407,1.7272,-0.6612,-0.2403,-0.2883,-0.8262
002377,国创高新,-0.808,0.0299,-0.8944,-0.5981,-0.2403,-0.2883,-0.8262
002356,赫美集团,-0.1426,0.294,-0.4832,-0.611,-0.2403,-0.2883,0.2258
300008,天海防务,-1.5744,-0.4297,-1.5006,-0.608,4.2388,3.7504,0.4601
600171,上海贝岭,1.6355,-0.7088,0.8964,-0.7451,-0.2403,-0.2883,-0.5165
600358,国旅联合,-0.3843,-1.4267,-0.8723,-0.7837,-0.2403,-0.2883,-0.8262
600416,湘电股份,-1.2768,-0.7354,-1.4177,-0.6444,-0.2403,-0.2883,1.2554
600229,城市传媒,1.8221,-0.9952,0.719,-0.6344,-0.2403,-0.2883,-0.8262
600462,九有股份,0.2681,-1.3605,-0.2074,-0.8149,-0.2403,-0.2883,-0.8262
002389,南洋科技,-1.1943,0.3529,-0.6651,-0.7615,-0.2403,-0.2883,-0.8262
600360,华微电子,-0.7683,-0.557,-0.7719,-0.6233,-0.2403,-0.2883,0.2782
002103,广博股份,-1.2293,-1.117,-1.2653,-0.6102,-0.2403,-0.2883,1.0225
000839,中信国安,-0.5873,-0.6018,-0.8232,-0.5879,-0.2403,-0.2883,1.0462
600488,天药股份,-0.8528,-0.2159,-0.712,-0.4874,-0.2403,-0.2883,-0.1778
600493,凤竹纺织,-1.6996,-0.7842,-1.6502,-0.6919,-0.2403,-0.2883,-0.8262
600826,兰生股份,-0.6854,-0.8961,-0.7377,-0.5934,-0.2403,-0.2883,-0.5606
300063,天龙集团,-0.4902,1.0716,-0.7297,0.0084,-0.2403,3.7504,-0.8262
600853,龙建股份,-0.7157,-0.934,-0.8482,-0.6801,-0.2403,-0.2883,-0.4706
600107,美尔雅,-0.2468,0.1551,-0.4651,-0.8023,-0.2403,-0.2883,-0.8262
002328,新朋股份,-1.1453,0.7135,-1.2253,-0.3907,-0.2403,-0.2883,0.8098
600851,海欣股份,2.2997,-0.6605,1.7828,-0.7416,-0.2403,-0.2883,-0.8262
002235,安妮股份,2.2997,-0.9502,1.5668,-0.7548,-0.2403,-0.2883,-0.8262
002365,永安药业,-0.6699,0.21,-0.8274,-0.7696,-0.2403,-0.2883,1.4805
601600,中国铝业,0.7896,-0.053,0.0351,-0.6041,-0.2403,-0.2883,-0.8262
000721,西安饮食,-1.278,-0.7187,-0.9476,-0.4672,-0.2403,-0.2883,-0.2593
002291,星期六,-1.108,0.1837,-1.1279,-0.4842,-0.2403,-0.2883,1.0882
600970,中材国际,-1.8753,-0.9407,-1.669,-0.6222,-0.2403,-0.2883,2.5711
000756,新华制药,-0.9499,-0.3619,-1.0478,-0.6825,4.2388,3.6986,-0.1597
000985,大庆华科,-0.9039,-0.4821,-1.0211,-0.7519,-0.2403,-0.2883,0.201
600370,三房巷,-0.8411,-0.673,-0.9878,-0.114,-0.2403,-0.2883,0.3815
600212,江泉实业,0.5273,0.0413,-0.0071,-0.7451,-0.2403,-0.2883,-0.8262
002189,利达光电,-0.308,-0.1643,-0.5709,-0.7954,-0.2403,-0.2883,-0.8262
600664,哈药股份,-1.8714,-0.0354,-1.6518,-0.382,-0.2403,-0.2883,-0.8262
002282,博深工具,-1.319,-0.1206,-1.3648,-0.729,-0.2403,-0.2883,0.7093
002175,东方网络,0.241,-0.212,0.6426,-0.4771,-0.2403,-0.2883,0.4467
600283,钱江水利,-1.5037,-0.3408,-1.613,-0.708,-0.2403,-0.2883,1.8549
600226,瀚叶股份,-1.5212,-0.8567,-1.4759,-0.5017,-0.2403,-0.2883,-0.8262
002314,南山控股,-1.213,-0.7985,-1.3134,-0.2463,-0.2403,-0.2883,2.0426
002071,长城影视,-0.9392,-0.64,-1.1899,-0.7827,-0.2403,2.1013,-0.2696
300065,海兰信,-0.9169,0.6148,-1.0594,-0.6556,-0.2403,3.7504,-0.306
600333,长春燃气,-1.0362,-0.7351,-0.8972,-0.575,-0.2403,-0.2883,-0.8262
002384,东山精密,-1.1173,1.5584,-1.2372,-0.7978,-0.2403,-0.2883,-0.3334
600759,洲际油气,-1.4483,0.4318,-1.3457,-0.5945,-0.2403,-0.2883,0.5579
600231,凌钢股份,-1.8401,-0.3547,-1.669,-0.2617,4.2388,3.7504,-0.2741
000988,华工科技,-1.8163,-0.9184,-1.4503,-0.762,-0.2403,-0.2883,0.4497
600797,浙大网新,-0.6515,-0.8091,-0.776,-0.7794,-0.2403,-0.2883,-0.575
002326,永太科技,-1.1287,0.0472,-1.1254,-0.6532,-0.2403,-0.2883,-0.8262
000980,众泰汽车,-0.5591,-0.5,-0.2992,-0.5486,-0.2403,-0.2883,-0.8262
002110,三钢闽光,-0.6501,-0.3691,-0.842,-0.7549,-0.2403,-0.2883,-0.6209
600346,恒力股份,0.9105,0.7361,1.0136,-0.7827,-0.2403,-0.2883,-0.8262
000758,中色股份,-0.0759,1.5629,0.4011,-0.4375,-0.2403,-0.2883,-0.1988
600391,航发科技,-1.2932,0.1319,-0.5584,-0.7124,-0.2403,-0.2883,-0.5246
000969,安泰科技,-1.2297,-0.5492,-1.246,-0.6193,-0.2403,-0.2883,0.5379
300033,同花顺,-1.3676,-0.9572,-1.3657,-0.7959,4.2388,1.6474,0.1695
600599,熊猫金控,-1.1583,-1.0971,-0.4286,-0.753,-0.2403,-0.2883,-0.8262
600316,洪都航空,-0.3552,0.2497,-0.6379,-0.5724,-0.2403,-0.2883,-0.8262
000611,天首发展,-0.5236,1.8153,-0.8178,-0.7082,-0.2403,-0.2883,-0.8262
600508,上海能源,-1.8753,-0.7997,-1.669,-0.3628,-0.2403,-0.2883,1.4035
600573,惠泉啤酒,-0.8293,-0.9218,-1.0331,-0.5949,-0.2403,-0.2883,0.0817
600677,航天通信,-1.7037,0.3615,-1.2267,-0.5844,-0.2403,-0.2883,-0.8262
300045,华力创通,-1.2944,-0.0517,-1.2515,-0.7396,-0.2403,3.0812,-0.2822
600822,上海物贸,-1.1637,0.2679,-1.5545,-0.7968,-0.2403,-0.2883,1.6536
002171,楚江新材,-1.6956,-0.2202,-1.669,-0.7001,-0.2403,-0.2883,-0.5556
002307,北新路桥,-1.3896,0.6585,-1.0478,-0.7362,-0.2403,-0.2883,-0.8262
000407,胜利股份,-1.8753,-0.6385,-1.669,-0.759,-0.2403,-0.2883,-0.8262
601179,中国西电,-0.7933,-0.6791,-0.8205,-0.3843,-0.2403,-0.2883,-0.8262
000836,鑫茂科技,1.2403,-0.2621,0.6134,-0.5537,-0.2403,-0.2883,-0.8262
000761,本钢板材,-1.1471,-0.9099,-1.2207,-0.3922,-0.2403,-0.2883,2.3544
600410,华胜天成,-1.7413,-0.4084,-1.4775,-0.6849,-0.2403,-0.2883,0.8283
600141,兴发集团,-1.63,0.9732,-1.1445,-0.6259,-0.2403,-0.2883,0.2775
600629,华建集团,-1.5382,-1.4754,-1.5049,-0.7968,-0.2403,-0.2883,-0.8262
002388,新亚制程,-0.8732,-1.0225,-1.0533,-0.6935,-0.2403,-0.2883,0.6083
600137,浪莎股份,-1.6229,-0.2554,-1.5166,-0.7724,-0.2403,-0.2883,-0.8262
000599,青岛双星,-0.1742,-0.8554,-0.4532,-0.6258,-0.2403,-0.2883,-0.8262
000930,中粮生化,-1.722,-0.3356,-1.5689,-0.7635,-0.2403,-0.2883,0.4167
002107,沃华医药,0.2681,1.4043,-0.1784,-0.7202,-0.2403,-0.2883,-0.8262
000949,新乡化纤,-1.3836,-0.8448,-1.4599,-0.5729,-0.2403,-0.2883,-0.8262
000691,亚太实业,0.2681,-0.7014,-0.951,-0.8416,-0.2403,-0.2883,-0.8262
002125,湘潭电化,-1.5621,-0.4755,-1.4187,-0.7476,-0.2403,-0.2883,-0.4651
000856,冀东装备,0.2681,2.8044,-0.1784,-0.8245,-0.2403,-0.2883,-0.8262
600354,敦煌种业,-1.7179,-0.4116,-1.4368,-0.7007,-0.2403,-0.2883,-0.8262
000159,国际实业,-1.8753,-0.0525,-1.669,-0.4487,-0.2403,-0.2883,1.604
600792,云煤能源,0.2681,2.8044,-0.1784,0.1156,-0.2403,-0.2883,-0.8262
002018,华信国际,0.2681,2.6928,-0.1784,-0.6485,-0.2403,-0.2883,0.2968
600506,香梨股份,0.8962,0.4921,0.3048,-0.825,-0.2403,-0.2883,-0.8262
600555,海航创新,1.8412,2.8044,0.889,-0.7327,-0.2403,-0.2883,-0.8262
600576,祥源文化,0.2681,-1.4754,-0.1784,-0.7053,-0.2403,-0.2883,-0.6361
600310,桂东电力,-1.8753,-0.5141,-1.1465,-0.8853,-0.2403,-0.2883,2.1367
600084,中葡股份,-1.3238,-0.5284,-1.4632,-0.8853,-0.2403,-0.2883,-0.8262
000968,蓝焰控股,-1.4592,-1.4754,-1.5008,-0.6814,-0.2403,-0.2883,0.036
000692,惠天热电,-0.6524,-0.3706,-0.8087,-0.3153,-0.2403,-0.2883,-0.8262
000898,鞍钢股份,-0.7577,-1.0389,-1.0482,-0.3826,-0.2403,3.7504,-0.8262
600601,方正科技,-1.1982,-1.4072,-1.2339,-0.6107,-0.2403,-0.2883,-0.373
002097,山河智能,-1.8444,-1.181,-1.669,-0.586,-0.2403,-0.2883,-0.1776
600854,春兰股份,0.2681,-0.8279,-0.1784,-0.5188,-0.2403,-0.2883,-0.8262
002106,莱宝高科,-1.8753,0.3429,-1.6584,-0.5677,-0.2403,-0.2883,-0.1628
600712,南宁百货,-1.8753,0.1146,-1.565,-0.7565,-0.2403,-0.2883,-0.8262
002347,泰尔股份,-1.2942,-0.2759,-1.2448,-0.4585,-0.2403,-0.2883,-0.4397
000933,神火股份,-1.8753,0.065,-1.669,-0.6987,-0.2403,-0.2883,0.3108
000806,银河生物,0.2681,-1.0628,-0.1784,-0.816,-0.2403,-0.2883,-0.8262
300013,新宁物流,-1.1997,0.0346,-1.2395,-0.7544,4.2388,3.7019,-0.734
600365,通葡股份,0.2681,-0.6587,-0.1784,-0.6914,-0.2403,-0.2883,-0.8262
000567,海德股份,-1.8753,-1.4754,-1.669,-0.8593,-0.2403,-0.2883,-0.8262
600782,新钢股份,-1.0219,-0.7752,-1.2171,-0.5405,-0.2403,-0.2883,-0.171
002259,升达林业,-1.0241,-0.6307,-1.1475,-0.7751,-0.2403,-0.2883,-0.8262
002386,天原集团,-0.5998,0.4591,-0.8184,-0.4178,-0.2403,-0.2883,-0.106
002145,中核钛白,-0.9386,2.6462,0.2815,-0.6657,-0.2403,-0.2883,-0.8262
000835,长城动漫,-1.0493,-0.8872,-1.1849,-0.806,-0.2403,-0.2883,-0.8262
600727,鲁北化工,0.117,-0.5441,-0.2834,-0.7218,-0.2403,-0.2883,-0.8262
600605,汇通能源,0.9122,-0.0309,0.3541,-0.7648,-0.2403,-0.2883,-0.8262
600866,星湖科技,-1.8753,-1.3732,-1.669,-0.5865,-0.2403,-0.2883,-0.8262
600701,工大高新,-0.401,-0.5249,-0.6092,-0.8141,-0.2403,-0.2883,-0.8262
600399,抚顺特钢,-0.1649,-0.6445,-0.4724,-0.6569,-0.2403,-0.2883,-0.4382
600078,澄星股份,-0.7511,-0.7287,-0.846,-0.6414,-0.2403,-0.2883,-0.3952
000918,嘉凯城,-1.8753,-0.3423,-1.669,-0.7527,-0.2403,-0.2883,-0.8262
600737,中粮糖业,0.2681,2.193,-0.1784,-0.6862,-0.2403,-0.2883,-0.2872
600361,华联综超,-0.7486,-0.3312,-0.4822,-0.5147,-0.2403,-0.2883,1.0487
600010,包钢股份,0.066,-0.821,0.1009,-0.4954,-0.2403,-0.2883,-0.3025
600129,太极集团,0.2681,-0.5311,-0.1784,-0.8281,-0.2403,-0.2883,-0.8262
002024,苏宁云商,-1.8753,-0.1013,-1.669,-0.7679,-0.2403,-0.2883,1.6496
600103,青山纸业,-0.8294,-0.9009,-1.1895,-0.7199,-0.2403,-0.2883,-0.8262
000038,深大通,-1.8753,-1.4754,-1.669,-0.8527,-0.2403,-0.2883,-0.8262
000829,天音控股,-1.8753,-0.0533,-1.669,-0.7782,-0.2403,-0.2883,-0.8262
600896,览海投资,0.4938,-1.0001,-0.4285,-0.7387,-0.2403,-0.2883,-0.8262
600127,金健米业,0.5537,-0.3857,0.6052,-0.7389,-0.2403,-0.2883,-0.8262
600235,民丰特纸,-1.5531,-0.8033,-1.3279,-0.6342,-0.2403,-0.2883,1.8309
002092,中泰化学,-1.2051,1.5226,-1.1019,-0.712,-0.2403,-0.2883,2.1994
002075,沙钢股份,-1.8753,-0.9517,-1.669,-0.845,-0.2403,-0.2883,-0.8262
000698,沈阳化工,-1.6225,-0.0841,-1.5709,-0.5549,-0.2403,-0.2883,-0.8262
600749,西藏旅游,-1.6137,-0.0504,-1.0682,-0.8239,-0.2403,-0.2883,-0.8262
600868,梅雁吉祥,-1.8753,-1.1873,-1.669,-0.8077,-0.2403,-0.2883,-0.8262
000762,西藏矿业,-1.3055,0.0823,-0.6443,-0.7989,-0.2403,-0.2883,-0.8262
600503,华丽家族,-1.8753,0.1377,-1.669,-0.7841,-0.2403,-0.2883,-0.8262
300073,当升科技,-1.1907,-1.1813,-1.2629,-0.8022,-0.2403,2.6971,-0.8262
000632,三木集团,-0.8482,-0.087,-0.2947,-0.7195,-0.2403,-0.2883,-0.8262
000875,吉电股份,1.3614,0.3055,1.2907,-0.4521,-0.2403,-0.2883,-0.8262
000683,远兴能源,-1.3889,-0.0173,-1.3603,-0.4447,-0.2403,-0.2883,1.2986
000422,湖北宜化,-1.8753,0.2529,-1.669,-0.2605,-0.2403,-0.2883,-0.4711
000882,华联股份,-0.1195,0.4899,0.137,-0.2482,-0.2403,-0.2883,1.1521
000066,中国长城,-1.5521,-0.8183,-1.6541,-0.7924,-0.2403,-0.2883,-0.0436
600435,北方导航,-1.8753,-1.4754,-1.669,-0.8005,-0.2403,-0.2883,-0.8262
600061,国投资本,-1.168,0.9957,-1.2132,-0.862,-0.2403,-0.2883,-0.8262
600165,新日恒力,0.2681,-0.552,-0.1784,-0.8002,-0.2403,-0.2883,-0.8262
600478,科力远,-0.4447,-1.2174,-0.7877,-0.731,-0.2403,-0.2883,-0.8262
600390,五矿资本,-1.3329,-1.0449,-1.0985,-0.8037,-0.2403,-0.2883,-0.8262
002387,黑牛食品,-1.652,-0.5521,-1.5449,-0.7875,-0.2403,-0.2883,0.1353
002180,纳思达,-1.7784,-0.7903,-1.669,-0.8494,-0.2403,-0.2883,0.2786
000695,滨海能源,-0.4397,-0.5653,-0.6618,-0.8516,-0.2403,-0.2883,-0.8262
000503,海虹控股,0.383,-0.6321,-0.1099,-0.8771,-0.2403,-0.2883,-0.8262
600308,华泰股份,-0.2834,-0.1339,-0.5624,-0.6111,-0.2403,-0.2883,0.7841
600330,天通股份,-1.6335,-0.7319,-1.669,-0.8167,-0.2403,-0.2883,-0.8262
000782,美达股份,-1.8753,-0.7861,-1.669,-0.7521,-0.2403,-0.2883,0.3647
600731,湖南海利,0.0866,-0.2399,0.544,-0.7551,-0.2403,-0.2883,-0.8262
600232,金鹰股份,0.5103,-0.274,-0.0423,-0.7436,-0.2403,-0.2883,1.5723
000667,美好置业,-1.3156,0.3746,-1.3192,-0.6895,-0.2403,-0.2883,-0.8262
600320,振华重工,0.2681,-0.1551,-0.1784,-0.7255,-0.2403,-0.2883,-0.8262
600883,博闻科技,-1.8753,-1.2021,-1.669,-0.7819,-0.2403,-0.2883,0.0883
600207,安彩高科,-1.8753,-0.1037,-1.2036,-0.7841,-0.2403,-0.2883,-0.8262
000821,京山轻机,-0.9645,-0.1167,-1.1492,-0.7995,-0.2403,-0.2883,-0.8262
600302,标准股份,-0.6057,-1.0221,-0.8583,-0.7212,-0.2403,-0.2883,0.543
600136,当代明诚,-1.8753,1.3124,-1.669,-0.8598,-0.2403,-0.2883,-0.8262
600237,铜峰电子,-1.494,-0.965,-0.9757,-0.7622,-0.2403,-0.2883,-0.8262
600006,东风汽车,-1.8753,-0.7444,-1.669,-0.7155,-0.2403,-0.2883,0.9038
600063,皖维高新,-1.5707,0.0294,-1.3281,-0.7995,-0.2403,-0.2883,-0.8262
002105,信隆健康,-1.8753,-0.5565,-1.669,-0.7815,-0.2403,-0.2883,1.5014
600667,太极实业,-1.8753,0.1129,-1.6668,-0.845,-0.2403,-0.2883,-0.4517
000923,河北宣工,-1.3081,-1.4754,-1.4609,-0.8584,-0.2403,-0.2883,-0.8262
002370,亚太药业,-1.7975,-1.231,-1.669,-0.8157,-0.2403,-0.2883,0.0944
002232,启明信息,-1.8753,-0.934,-1.669,-0.8219,-0.2403,-0.2883,-0.8262
600764,中电广通,0.4706,-1.3601,0.0435,-0.8741,-0.2403,-0.2883,-0.4544
000810,创维数字,-1.8753,-0.6867,-1.669,-0.7484,-0.2403,-0.2883,0.4593
000978,桂林旅游,-1.6999,-0.9324,-1.6448,-0.7701,-0.2403,-0.2883,0.8694
600744,华银电力,-0.5029,-0.7185,-0.7903,-0.7134,-0.2403,-0.2883,-0.8262
300040,九洲电气,-1.8649,-1.4754,-1.5646,-0.7658,-0.2403,3.7504,-0.0889
600569,安阳钢铁,0.4139,-0.835,-0.4659,-0.7638,-0.2403,-0.2883,-0.8262
000548,湖南投资,-1.874,-1.3551,-1.669,-0.7837,-0.2403,-0.2883,-0.8262
600789,鲁抗医药,-1.8753,-0.6901,-1.669,-0.8069,-0.2403,-0.2883,-0.4206
000158,常山北明,-1.0956,0.1452,-1.1663,-0.8058,-0.2403,-0.2883,-0.8262
002336,人人乐,-1.8753,-0.2819,-1.669,-0.7321,-0.2403,-0.2883,-0.8262
002274,华昌化工,0.1018,-0.2408,0.0828,-0.6675,-0.2403,-0.2883,0.0567
002383,合众思壮,-1.5109,0.0902,-1.5316,-0.7978,-0.2403,-0.2883,0.2009
600590,泰豪科技,-1.4257,-0.9874,-1.2866,-0.7878,-0.2403,-0.2883,-0.0546
300049,福瑞股份,-1.8753,1.1178,-1.669,-0.7879,4.2388,3.7504,2.1743
600808,马钢股份,-1.6255,-0.4784,-1.669,-0.7366,-0.2403,-0.2883,-0.8262
000948,南天信息,-1.8753,-0.7566,-1.669,-0.7611,-0.2403,-0.2883,-0.8262
000766,通化金马,-1.0365,-0.9309,-1.1251,-0.8614,-0.2403,-0.2883,-0.8262
002122,天马股份,-1.8753,-1.4754,-1.669,-0.7705,-0.2403,-0.2883,1.2597
600126,杭钢股份,-1.8753,-0.9052,-1.669,-0.7943,-0.2403,-0.2883,0.5653
600470,六国化工,-1.6215,0.7252,-1.5655,-0.7158,-0.2403,-0.2883,0.5303
002240,威华股份,-0.5134,-0.445,-0.8191,-0.8394,-0.2403,-0.2883,-0.8262
600740,山西焦化,-1.8753,-0.8471,-1.2877,-0.8278,-0.2403,-0.2883,-0.8262
000913,钱江摩托,-1.8497,-0.9375,-1.5,-0.8332,-0.2403,-0.2883,-0.8262
600618,氯碱化工,-1.8753,-0.3569,-1.669,-0.857,-0.2403,-0.2883,-0.8262
600719,大连热电,-0.9988,-0.6829,-1.1439,-0.7759,-0.2403,-0.2883,-0.8262
600249,两面针,0.4595,-0.2857,-0.25,-0.7811,-0.2403,-0.2883,-0.8262
600756,浪潮软件,-1.7931,0.579,-1.669,-0.8486,-0.2403,-0.2883,-0.4865
600311,荣华实业,-0.0086,-1.4534,-0.3627,-0.823,-0.2403,-0.2883,-0.8262
600702,沱牌舍得,-1.8285,0.149,-1.6344,-0.8659,-0.2403,-0.2883,0.257
600428,中远海特,-1.8753,0.2755,-1.669,-0.774,-0.2403,-0.2883,-0.2255
600169,太原重工,-1.8753,-0.7195,-1.669,-0.7908,-0.2403,-0.2883,-0.8262
600726,华电能源,-0.9341,-0.3126,-1.1578,-0.7811,-0.2403,-0.2883,-0.8262
600652,游久游戏,-1.4891,-0.7533,-1.4806,-0.8444,-0.2403,-0.2883,-0.8262
600339,中油工程,-1.8753,-0.0441,-1.669,-0.8263,-0.2403,-0.2883,0.2764
600584,长电科技,-1.8753,-0.079,-1.669,-0.8685,-0.2403,-0.2883,-0.8262
600326,西藏天路,-1.8753,0.0954,-1.669,-0.8533,-0.2403,-0.2883,-0.8262
002067,景兴纸业,-1.8753,-0.4585,-1.669,-0.8336,-0.2403,-0.2883,-0.8262
002379,宏创控股,-1.8753,0.996,-1.4723,-0.7703,-0.2403,-0.2883,-0.8262
002295,精艺股份,-1.8753,-0.6725,-1.669,-0.8296,-0.2403,-0.2883,-0.8262
600191,华资实业,0.2681,0.1117,-0.1784,-0.8478,-0.2403,-0.2883,-0.8262
002346,柘中股份,-1.8753,-1.3313,-1.669,-0.8347,-0.2403,-0.2883,0.4757
002201,九鼎新材,-1.8753,-0.4371,-1.669,-0.8544,-0.2403,-0.2883,-0.6687
000807,云铝股份,-0.529,0.6695,-0.7801,-0.8522,-0.2403,-0.2883,-0.203
600963,岳阳林纸,-1.8753,-0.1127,-1.669,-0.7865,-0.2403,-0.2883,-0.3392
002193,如意集团,-1.8753,-0.4548,-1.669,-0.8664,-0.2403,-0.2883,-0.8262
600685,中船防务,-1.8753,-1.4754,-1.669,-0.8609,-0.2403,-0.2883,-0.8262
600215,长春经开,-1.8753,0.5283,-1.669,-0.8216,-0.2403,-0.2883,-0.8262
600812,华北制药,-1.8753,-0.3668,-1.669,-0.8207,-0.2403,-0.2883,-0.8262
000952,广济药业,-1.5171,-0.6881,-1.5669,-0.8623,-0.2403,-0.2883,-0.8262
600227,赤天化,-1.8753,1.6611,-1.669,-0.8394,-0.2403,-0.2883,-0.1959
600721,百花村,-1.8753,0.2849,-1.669,-0.8541,-0.2403,-0.2883,-0.8262
600798,宁波海运,-1.8753,-0.9446,-1.669,-0.8206,-0.2403,-0.2883,0.0749
300059,东方财富,-1.8753,-0.1721,-1.669,-0.8626,4.2388,2.0322,-0.8262
000678,襄阳轴承,-1.8753,-0.2777,-1.669,-0.8426,-0.2403,-0.2883,-0.8262
002359,北讯集团,-1.8753,0.3732,-1.669,-0.8708,-0.2403,-0.2883,-0.8262
000709,河钢股份,-1.8753,-0.8006,-1.669,-0.8062,-0.2403,-0.2883,0.5273
600367,红星发展,-1.8753,-0.5266,-1.669,-0.8543,-0.2403,3.7504,-0.8262
600110,诺德股份,-1.5419,0.3532,-1.5294,-0.8853,-0.2403,-0.2883,-0.8262
000668,荣丰控股,-1.8753,-1.2649,-1.669,-0.864,-0.2403,-0.2883,-0.7277
600150,中国船舶,-1.8753,-1.1829,-1.669,-0.8458,-0.2403,-0.2883,0.4646
000760,斯太尔,-1.7827,-0.4606,-0.0615,-0.8311,-0.2403,-0.2883,-0.8262
600862,中航高科,-1.8753,-1.0805,-1.669,-0.8853,-0.2403,-0.2883,-0.8262
002005,德豪润达,-1.8753,-0.3716,-1.669,-0.8108,-0.2403,-0.2883,-0.2092
300077,国民技术,-1.8753,-1.4616,-1.669,-0.8121,3.8029,3.7504,1.4481
601918,新集能源,-1.8753,-0.5128,-1.669,-0.8011,-0.2403,-0.2883,1.8032
600206,有研新材,-1.4675,-1.2022,-1.1213,-0.8554,-0.2403,-0.2883,-0.8262
000962,东方钽业,-1.8753,0.3542,-1.669,-0.8452,-0.2403,-0.2883,-0.3524
600099,林海股份,-1.8753,-0.4225,-1.669,-0.8853,-0.2403,-0.2883,-0.8262
002164,宁波东力,0.2681,-1.0631,-0.1784,-0.9234,-0.2403,-0.2883,-0.0198
600753,东方银星,0.2681,-0.5451,-0.1784,-0.8853,-0.2403,-0.2883,-0.8262
600691,阳煤化工,0.2681,2.8044,-0.1784,-1.0638,-0.2403,-0.2883,-0.8262
000004,国农科技,0.2681,-1.4754,-0.1784,-0.9003,-0.2403,-0.2883,-0.8262
000799,酒鬼酒,0.2681,-0.3483,-0.1784,-1.0179,-0.2403,-0.2883,0.1662
000059,华锦股份,0.2681,0.3329,-0.1784,-1.2895,-0.2403,-0.2883,1.0739
002272,川润股份,0.2681,-0.05,-0.1784,-1.3112,-0.2403,-0.2883,-0.8262
600117,西宁特钢,0.2681,-0.7061,-0.1784,-1.4655,-0.2403,-0.2883,-0.8262
000837,秦川机床,0.2681,-0.8828,-0.1784,-1.3142,-0.2403,-0.2883,0.9933
600255,梦舟股份,0.2681,-0.3904,-0.1784,-1.7117,-0.2403,-0.2883,-0.2675
002297,博云新材,0.2681,0.2688,-0.1784,-1.2021,-0.2403,-0.2883,-0.8262
000959,首钢股份,0.2681,-1.4754,-0.1784,-1.3065,-0.2403,-0.2883,-0.8262
300023,宝德股份,0.2681,-1.322,-0.1784,-1.2041,-0.2403,3.6195,-0.8262
000605,渤海股份,-1.1424,0.7529,0.5415,-1.1185,-0.2403,-0.2883,-0.8262
600209,罗顿发展,0.2681,-0.6344,-0.1784,-1.042,-0.2403,-0.2883,-0.8262
002147,新光圆成,0.2681,-1.0298,-0.1784,-1.1714,-0.2403,-0.2883,2.5711
600139,西部资源,0.2681,0.6275,-0.1784,-1.3153,-0.2403,3.5187,-0.8262
000818,方大化工,0.2681,0.0003,-0.1784,-1.221,-0.2403,-0.2883,-0.8262
600071,凤凰光学,0.2681,-1.4754,-0.1784,-1.1276,-0.2403,-0.2883,-0.8262
300050,世纪鼎利,0.2681,-1.1558,-0.1784,-1.7117,4.1543,3.7504,0.8657
002167,东方锆业,0.2681,0.1177,-0.1784,-1.4704,-0.2403,-0.2883,-0.3648
002143,印纪传媒,0.29,0.38,-0.0914,-1.1612,-0.2403,-0.2883,0.7981
000710,贝瑞基因,0.2681,-1.4754,-0.1784,-0.9131,-0.2403,-0.2883,-0.8262
000638,万方发展,0.2681,-1.4754,-0.1784,-1.009,-0.2403,-0.2883,-0.8262
600273,嘉化能源,0.2681,-1.3444,-0.1784,-1.2262,-0.2403,-0.2883,-0.8262
000702,正虹科技,0.2681,-0.4008,-0.1784,-1.3603,-0.2403,-0.2883,-0.8262
000615,京汉股份,0.2681,-0.8093,-0.1784,-1.3719,-0.2403,-0.2883,-0.8262
002039,黔源电力,0.2681,-1.2671,-0.1784,-1.7117,-0.2403,-0.2883,-0.8262
600966,博汇纸业,0.2681,-0.3196,-0.1784,-1.7117,-0.2403,-0.2883,-0.8262
002316,键桥通讯,0.2681,0.9438,-0.1784,-1.3197,-0.2403,-0.2883,-0.4607
002114,罗平锌电,1.2373,-1.26,1.2607,-1.3683,-0.2403,-0.2883,-0.8262
000005,世纪星源,0.2681,-1.4754,-0.1784,-1.2748,-0.2403,-0.2883,-0.8262
002299,圣农发展,0.2681,0.9122,-0.1784,-1.4183,-0.2403,-0.2883,-0.8262
000627,天茂集团,0.2681,-1.1336,-0.1784,-1.1854,-0.2403,-0.2883,-0.8262
600345,长江通信,0.2681,-0.169,-0.1784,-1.3096,-0.2403,-0.2883,0.2962
002231,奥维通信,0.2681,-0.3228,-0.1784,-1.2837,-0.2403,-0.2883,-0.8262
600282,南钢股份,0.2681,-0.8919,-0.1784,-1.7117,-0.2403,-0.2883,2.4928
000680,山推股份,0.2681,-1.1562,-0.1784,-1.7117,-0.2403,-0.2883,2.5126
600598,北大荒,0.2681,-0.6718,-0.1784,-1.4664,-0.2403,-0.2883,1.8806
002217,合力泰,0.2681,-0.1371,-0.1784,-1.5392,-0.2403,-0.2883,0.6979
600543,莫高股份,0.2681,-0.7186,-0.1784,-1.7117,-0.2403,-0.2883,-0.8262
000955,欣龙控股,0.2681,-0.562,-0.1784,-1.361,-0.2403,-0.2883,-0.8262
000711,京蓝科技,0.2681,-0.7248,-0.1784,-1.2926,-0.2403,-0.2883,-0.8262
002321,华英农业,0.2681,-0.1661,-0.1784,-1.7117,-0.2403,-0.2883,-0.8262
002174,游族网络,0.2681,1.2747,-0.1784,-1.2364,-0.2403,-0.2883,-0.8262
600779,水井坊,0.2681,-1.4754,-0.1784,-1.0766,-0.2403,-0.2883,0.9008
002280,联络互动,0.2681,-0.9469,-0.1784,-1.7117,-0.2403,-0.2883,-0.8262
600371,万向德农,0.2681,-1.268,-0.1784,-1.4284,-0.2403,-0.2883,1.6377
600962,国投中鲁,1.1585,-0.2308,0.413,-1.7117,-0.2403,-0.2883,-0.2409
000518,四环生物,0.2681,-0.6983,-0.1784,-1.2187,-0.2403,-0.2883,-0.8262
600202,哈空调,0.2681,-1.4034,-0.1784,-1.7117,-0.2403,-0.2883,-0.8262
600026,中远海能,0.2681,-0.704,-0.1784,-1.7117,-0.2403,-0.2883,1.595
000597,东北制药,0.2681,-1.0651,-0.1784,-1.7117,-0.2403,-0.2883,-0.8262
000662,天夏智慧,0.3251,-0.5362,-0.4953,-1.3779,-0.2403,-0.2883,-0.8262
601866,中远海发,0.2681,-0.7257,-0.1784,-1.7117,-0.2403,-0.2883,-0.8262
600408,安泰集团,0.2681,-0.8652,-0.1784,-1.7117,-0.2403,-0.2883,-0.8262
000687,华讯方舟,0.2681,-0.8333,-0.1784,-1.5351,-0.2403,-0.2883,-0.8262
002160,常铝股份,0.2681,-0.8017,-0.1784,-1.7072,-0.2403,2.7738,-0.611
000892,欢瑞世纪,0.2681,2.8044,-1.4837,-0.8853,-0.2403,-0.2883,-0.8262
000779,三毛派神,0.2681,-0.6044,-0.1784,-1.2971,-0.2403,-0.2883,-0.8262
000833,贵糖股份,0.2681,-1.0277,-0.1784,-1.7117,-0.2403,-0.2883,0.8501
600303,曙光股份,0.2681,-1.0848,-0.1784,-1.7117,-0.2403,-0.2883,2.0325
002099,海翔药业,0.2681,-0.5682,-0.1784,-1.7117,-0.2403,-0.2883,1.7694
600984,建设机械,0.2681,-1.0323,-0.1784,-1.7117,-0.2403,-0.2883,-0.8262
600307,酒钢宏兴,0.2681,1.0263,-0.1784,-1.7117,-0.2403,-0.2883,1.8409
600429,三元股份,0.2681,0.0034,-0.1784,-1.7117,-0.2403,-0.2883,-0.8262
600689,上海三毛,0.2681,-0.6973,-0.1784,-1.5413,-0.2403,1.5533,-0.8262
002192,融捷股份,0.2681,-1.3095,-0.1784,-1.3597,-0.2403,-0.2883,-0.8262
002115,三维通信,0.2681,-1.0983,-0.1784,-1.7117,-0.2403,-0.2883,0.6956
000927,一汽夏利,0.2681,-1.4754,-0.1784,-1.7117,-0.2403,-0.2883,-0.3809
000925,众合科技,0.2681,-0.167,-0.1784,-1.7117,-0.2403,-0.2883,-0.8262
600595,中孚实业,0.2681,-0.7264,-0.1784,-1.7117,-0.2403,-0.2883,-0.8262
600072,中船科技,0.2681,-1.341,-0.1784,-1.7117,-0.2403,-0.2883,-0.8262
600722,金牛化工,0.2681,-0.013,-0.1784,-1.7117,-0.2403,-0.2883,-0.8262
600259,广晟有色,0.2681,-0.0541,-0.1784,-1.1712,-0.2403,-0.2883,-0.8262
600069,银鸽投资,0.2681,-0.589,-0.1784,-1.7117,-0.2403,-0.2883,-0.8262
600184,光电股份,0.2681,-0.7647,-0.1784,-1.7117,-0.2403,-0.2883,-0.6146
000995,皇台酒业,-0.5165,0.2599,-0.8368,-1.2721,-0.2403,-0.2883,-0.8262
000960,锡业股份,0.2681,1.0004,-0.1784,-1.7117,-0.2403,-0.2883,-0.0351
601001,大同煤业,0.2681,-0.6385,-0.1784,-1.7117,-0.2403,-0.2883,1.6654
000510,金路集团,0.2681,-1.1859,-0.1784,-1.7117,-0.2403,-0.2883,-0.8262
300028,金亚科技,0.2681,1.3914,-0.1784,-1.7117,-0.2403,3.7504,-0.8262
002234,民和股份,0.2681,-0.713,-0.1784,-1.7117,-0.2403,-0.2883,2.5711
300029,天龙光电,0.2681,-1.4754,-0.1784,-1.7117,-0.2403,3.7504,0.8527
000976,华铁股份,0.2681,-1.4754,-0.1784,-1.5705,-0.2403,-0.2883,-0.8262
002006,精功科技,0.2681,-1.1417,-0.1784,-1.7117,-0.2403,-0.2883,0.0781
600131,岷江水电,0.2681,-0.0506,-0.1784,-1.7117,-0.2403,-0.2883,-0.8262
002027,分众传媒,0.2681,-0.9478,-0.1784,-1.7117,-0.2403,-0.2883,-0.8262
000902,新洋丰,0.2681,-0.9393,-0.1784,-1.4104,-0.2403,-0.2883,-0.8262
002373,千方科技,0.2681,-1.4754,-0.1784,-1.7117,-0.2403,-0.2883,-0.8262
600539,狮头股份,0.2681,-1.4754,-0.1784,-1.7117,-0.2403,-0.2883,-0.8262
000878,云南铜业,0.2681,0.1416,-0.1784,-1.7117,-0.2403,-0.2883,-0.8262
600476,湘邮科技,0.2681,-1.0857,-0.1784,-1.6713,-0.2403,-0.2883,-0.8262
600770,综艺股份,0.2681,-1.4754,-0.1784,-1.7117,-0.2403,-0.2883,-0.286
002362,汉王科技,0.2681,-1.4754,-0.1784,-1.7117,-0.2403,-0.2883,-0.8262
600242,中昌数据,0.2681,-0.1257,-0.1784,-1.4497,-0.2403,-0.2883,-0.8262
600681,百川能源,0.2681,2.8044,-0.1784,-0.9346,-0.2403,-0.2883,-0.8262
300022,吉峰农机,0.2681,0.2044,-0.1784,-1.7117,-0.2403,2.7682,0.0011
600178,东安动力,0.2681,-1.4754,-0.1784,-1.7117,-0.2403,-0.2883,-0.8262
002072,凯瑞德,0.2681,-0.5925,-0.1784,-1.2675,-0.2403,-0.2883,-0.8262
600531,豫光金铅,0.2681,-0.1475,-0.1784,-1.7117,-0.2403,-0.2883,-0.0485
600800,天津磁卡,0.2681,-1.025,-0.1784,-1.1464,-0.2403,-0.2883,-0.8262
600768,宁波富邦,0.2681,-0.6278,-0.1784,-1.5811,-0.2403,-0.2883,-0.8262
000737,南风化工,-1.4229,-0.7157,-1.3227,-1.7117,-0.2403,-0.2883,-0.8262
002137,麦达数字,0.2681,-1.4754,-0.1784,-1.7117,-0.2403,-0.2883,-0.8262
600133,东湖高新,0.2681,2.8044,-0.1784,-1.7117,-0.2403,-0.2883,-0.8262
600610,中毅达,0.2681,-1.2131,-0.1784,-1.5198,-0.2403,-0.2883,-0.8262
000897,津滨发展,0.2681,-1.1956,-0.1784,-1.7117,-0.2403,-0.2883,-0.8262
600281,太化股份,0.9489,-0.6688,0.0801,-1.7117,-0.2403,-0.2883,-0.8262
000707,双环科技,0.2681,-0.7222,-0.1784,-1.7117,-0.2403,-0.2883,1.5391
000677,恒天海龙,0.6474,-1.4754,-0.5271,-1.7117,-0.2403,-0.2883,-0.8262
000815,美利云,2.2997,-1.4754,0.6459,-1.7117,-0.2403,-0.2883,-0.8262
002163,中航三鑫,0.2681,0.2367,-0.1784,-1.7117,-0.2403,-0.2883,0.3872
600186,莲花健康,0.2681,-1.0696,-0.1784,-1.7117,-0.2403,-0.2883,-0.8262
000822,山东海化,0.2681,-1.4477,-0.1784,-1.7117,-0.2403,-0.2883,1.9952
000590,启迪古汉,0.2681,-1.0261,-0.1784,-1.7117,-0.2403,-0.2883,0.188
600146,商赢环球,0.2681,-1.4754,-0.1784,-1.5712,-0.2403,-0.2883,-0.8262
600644,乐山电力,0.2681,-1.0249,-0.1784,-1.7117,-0.2403,-0.2883,-0.0403
000795,英洛华,0.2681,-0.3813,-0.1784,-1.7117,-0.2403,-0.2883,-0.8262
000862,银星能源,0.2681,-0.8704,-0.1784,-1.7117,-0.2403,-0.2883,-0.8262
000155,川化股份,2.2997,-0.8728,1.2196,-1.7117,-0.2403,-0.2883,-0.8262
002015,霞客环保,0.2681,-0.1728,-0.1784,-1.7117,-0.2403,-0.2883,-0.8262
000928,中钢国际,0.2681,-0.8493,-0.1784,-1.7117,-0.2403,-0.2883,-0.8262
002211,宏达新材,0.2681,-0.9786,-0.1784,-1.7117,-0.2403,-0.2883,-0.8262
600163,中闽能源,0.2681,-1.4501,-0.1784,-1.7117,-0.2403,-0.2883,-0.8262
002127,南极电商,0.2681,1.008,-0.1784,-1.7117,-0.2403,-0.2883,-0.2426
600299,安迪苏,0.2681,-0.964,-0.1784,-1.7117,-0.2403,-0.2883,-0.8262
600715,文投控股,0.2211,2.8044,-0.7498,-1.0959,-0.2403,-0.2883,-0.8262
600751,天海投资,0.2681,0.252,-0.1784,-1.6362,-0.2403,-0.2883,-0.8262
000420,吉林化纤,2.2997,-1.4754,2.043,-1.7117,-0.2403,-0.2883,-0.8262
600306,商业城,0.2681,-0.0618,-0.1784,-1.7117,-0.2403,-0.2883,-0.8262
600550,保变电气,0.2681,-1.4754,-0.1784,-1.7117,-0.2403,-0.2883,-0.8262
600381,青海春天,0.2681,-1.4754,-0.6503,-0.8349,-0.2403,-0.2883,-0.8262
000520,长航凤凰,0.2681,-1.4754,-0.1784,-1.7117,-0.2403,-0.2883,-0.8262
